1.000 0.000 
2.000 0.000 
3.000 0.000 
4.000 0.000 
5.000 0.000 
6.000 0.000 
7.000 0.011 
8.000 0.032 
9.000 0.060 
10.000 0.094 
11.000 0.133 
12.000 0.175 
13.000 0.221 
14.000 0.269 
15.000 0.318 
16.000 0.368 
17.000 0.418 
18.000 0.469 
19.000 0.519 
20.000 0.569 
21.000 0.618 
22.000 0.666 
23.000 0.714 
24.000 0.760 
25.000 0.805 
26.000 0.848 
27.000 0.891 
28.000 0.932 
29.000 0.971 
30.000 1.010 
31.000 1.047 
32.000 1.082 
33.000 1.116 
34.000 1.149 
35.000 1.181 
36.000 1.212 
37.000 1.241 
38.000 1.269 
39.000 1.296 
40.000 1.322 
41.000 1.346 
42.000 1.370 
43.000 1.393 
44.000 1.415 
45.000 1.435 
46.000 1.455 
47.000 1.475 
48.000 1.493 
49.000 1.510 
50.000 1.527 
51.000 1.543 
52.000 1.558 
53.000 1.573 
54.000 1.587 
55.000 1.600 
56.000 1.613 
57.000 1.625 
58.000 1.637 
59.000 1.648 
60.000 1.659 
61.000 1.669 
62.000 1.678 
63.000 1.688 
64.000 1.697 
65.000 1.705 
66.000 1.713 
67.000 1.721 
68.000 1.728 
69.000 1.735 
70.000 1.742 
71.000 1.749 
72.000 1.755 
73.000 1.761 
74.000 1.766 
75.000 1.772 
76.000 1.777 
77.000 1.782 
78.000 1.786 
79.000 1.791 
80.000 1.795 
81.000 1.799 
82.000 1.803 
83.000 1.807 
84.000 1.810 
85.000 1.814 
86.000 1.817 
87.000 1.820 
88.000 1.823 
89.000 1.826 
90.000 1.828 
91.000 1.831 
92.000 1.833 
93.000 1.836 
94.000 1.838 
95.000 1.840 
96.000 1.842 
97.000 1.844 
98.000 1.846 
99.000 1.848 
100.000 1.850 
101.000 1.851 
102.000 1.853 
103.000 1.854 
104.000 1.856 
105.000 1.857 
106.000 1.858 
107.000 1.859 
108.000 1.861 
109.000 1.862 
110.000 1.863 
111.000 1.864 
112.000 1.865 
113.000 1.866 
114.000 1.867 
115.000 1.868 
116.000 1.868 
117.000 1.869 
118.000 1.870 
119.000 1.871 
120.000 1.871 
121.000 1.872 
122.000 1.873 
123.000 1.873 
124.000 1.874 
125.000 1.874 
126.000 1.875 
127.000 1.875 
128.000 1.876 
129.000 1.876 
130.000 1.877 
131.000 1.877 
132.000 1.877 
133.000 1.878 
134.000 1.878 
135.000 1.878 
136.000 1.879 
137.000 1.879 
138.000 1.879 
139.000 1.880 
140.000 1.880 
141.000 1.880 
142.000 1.880 
143.000 1.881 
144.000 1.881 
145.000 1.881 
146.000 1.881 
147.000 1.882 
148.000 1.882 
149.000 1.882 
150.000 1.882 
151.000 1.882 
152.000 1.882 
153.000 1.883 
154.000 1.883 
155.000 1.883 
156.000 1.883 
157.000 1.883 
158.000 1.883 
159.000 1.883 
160.000 1.883 
161.000 1.884 
162.000 1.884 
163.000 1.884 
164.000 1.884 
165.000 1.884 
166.000 1.884 
167.000 1.884 
168.000 1.884 
169.000 1.884 
170.000 1.884 
171.000 1.884 
172.000 1.884 
173.000 1.884 
174.000 1.885 
175.000 1.885 
176.000 1.885 
177.000 1.885 
178.000 1.885 
179.000 1.885 
180.000 1.885 
181.000 1.885 
182.000 1.885 
183.000 1.885 
184.000 1.885 
185.000 1.885 
186.000 1.885 
187.000 1.885 
188.000 1.885 
189.000 1.885 
190.000 1.885 
191.000 1.885 
192.000 1.885 
193.000 1.885 
194.000 1.885 
195.000 1.885 
196.000 1.885 
197.000 1.885 
198.000 1.885 
199.000 1.885 
200.000 1.885 
201.000 1.885 
202.000 1.885 
203.000 1.885 
204.000 1.885 
205.000 1.885 
206.000 1.885 
207.000 1.885 
208.000 1.885 
209.000 1.885 
210.000 1.886 
211.000 1.886 
212.000 1.886 
213.000 1.886 
214.000 1.886 
215.000 1.886 
216.000 1.886 
217.000 1.886 
218.000 1.886 
219.000 1.886 
220.000 1.886 
221.000 1.886 
222.000 1.886 
223.000 1.886 
224.000 1.886 
225.000 1.886 
226.000 1.886 
227.000 1.886 
228.000 1.886 
229.000 1.886 
230.000 1.886 
231.000 1.886 
232.000 1.886 
233.000 1.886 
234.000 1.886 
235.000 1.886 
236.000 1.886 
237.000 1.886 
238.000 1.886 
239.000 1.886 
240.000 1.886 
241.000 1.886 
242.000 1.886 
243.000 1.886 
244.000 1.886 
245.000 1.886 
246.000 1.886 
247.000 1.886 
248.000 1.886 
249.000 1.886 
250.000 1.886 
251.000 1.886 
252.000 1.886 
253.000 1.886 
254.000 1.886 
255.000 1.886 
256.000 1.886 
257.000 1.886 
258.000 1.886 
259.000 1.886 
260.000 1.886 
261.000 1.886 
262.000 1.886 
263.000 1.886 
264.000 1.886 
265.000 1.886 
266.000 1.886 
267.000 1.886 
268.000 1.886 
269.000 1.886 
270.000 1.886 
271.000 1.886 
272.000 1.886 
273.000 1.886 
274.000 1.886 
275.000 1.886 
276.000 1.886 
277.000 1.886 
278.000 1.886 
279.000 1.886 
280.000 1.886 
281.000 1.886 
282.000 1.886 
283.000 1.886 
284.000 1.886 
285.000 1.886 
286.000 1.886 
287.000 1.886 
288.000 1.886 
289.000 1.886 
290.000 1.886 
291.000 1.886 
292.000 1.886 
293.000 1.886 
294.000 1.886 
295.000 1.886 
296.000 1.886 
297.000 1.886 
298.000 1.886 
299.000 1.886 
300.000 1.886 
