1.000 0.000 
2.000 0.000 
3.000 0.000 
4.000 0.000 
5.000 0.000 
6.000 0.000 
7.000 0.007 
8.000 0.018 
9.000 0.035 
10.000 0.054 
11.000 0.077 
12.000 0.101 
13.000 0.128 
14.000 0.155 
15.000 0.184 
16.000 0.213 
17.000 0.242 
18.000 0.271 
19.000 0.300 
20.000 0.329 
21.000 0.358 
22.000 0.385 
23.000 0.413 
24.000 0.439 
25.000 0.465 
26.000 0.491 
27.000 0.515 
28.000 0.539 
29.000 0.562 
30.000 0.584 
31.000 0.605 
32.000 0.626 
33.000 0.646 
34.000 0.665 
35.000 0.683 
36.000 0.701 
37.000 0.718 
38.000 0.734 
39.000 0.749 
40.000 0.764 
41.000 0.779 
42.000 0.792 
43.000 0.806 
44.000 0.818 
45.000 0.830 
46.000 0.842 
47.000 0.853 
48.000 0.863 
49.000 0.873 
50.000 0.883 
51.000 0.892 
52.000 0.901 
53.000 0.910 
54.000 0.918 
55.000 0.925 
56.000 0.933 
57.000 0.940 
58.000 0.947 
59.000 0.953 
60.000 0.959 
61.000 0.965 
62.000 0.971 
63.000 0.976 
64.000 0.981 
65.000 0.986 
66.000 0.991 
67.000 0.995 
68.000 1.000 
69.000 1.004 
70.000 1.008 
71.000 1.011 
72.000 1.015 
73.000 1.018 
74.000 1.021 
75.000 1.025 
76.000 1.028 
77.000 1.030 
78.000 1.033 
79.000 1.036 
80.000 1.038 
81.000 1.040 
82.000 1.043 
83.000 1.045 
84.000 1.047 
85.000 1.049 
86.000 1.051 
87.000 1.053 
88.000 1.054 
89.000 1.056 
90.000 1.057 
91.000 1.059 
92.000 1.060 
93.000 1.062 
94.000 1.063 
95.000 1.064 
96.000 1.065 
97.000 1.067 
98.000 1.068 
99.000 1.069 
100.000 1.070 
101.000 1.071 
102.000 1.072 
103.000 1.072 
104.000 1.073 
105.000 1.074 
106.000 1.075 
107.000 1.075 
108.000 1.076 
109.000 1.077 
110.000 1.077 
111.000 1.078 
112.000 1.079 
113.000 1.079 
114.000 1.080 
115.000 1.080 
116.000 1.081 
117.000 1.081 
118.000 1.081 
119.000 1.082 
120.000 1.082 
121.000 1.083 
122.000 1.083 
123.000 1.083 
124.000 1.084 
125.000 1.084 
126.000 1.084 
127.000 1.085 
128.000 1.085 
129.000 1.085 
130.000 1.085 
131.000 1.086 
132.000 1.086 
133.000 1.086 
134.000 1.086 
135.000 1.086 
136.000 1.087 
137.000 1.087 
138.000 1.087 
139.000 1.087 
140.000 1.087 
141.000 1.087 
142.000 1.088 
143.000 1.088 
144.000 1.088 
145.000 1.088 
146.000 1.088 
147.000 1.088 
148.000 1.088 
149.000 1.088 
150.000 1.089 
151.000 1.089 
152.000 1.089 
153.000 1.089 
154.000 1.089 
155.000 1.089 
156.000 1.089 
157.000 1.089 
158.000 1.089 
159.000 1.089 
160.000 1.089 
161.000 1.089 
162.000 1.089 
163.000 1.089 
164.000 1.089 
165.000 1.090 
166.000 1.090 
167.000 1.090 
168.000 1.090 
169.000 1.090 
170.000 1.090 
171.000 1.090 
172.000 1.090 
173.000 1.090 
174.000 1.090 
175.000 1.090 
176.000 1.090 
177.000 1.090 
178.000 1.090 
179.000 1.090 
180.000 1.090 
181.000 1.090 
182.000 1.090 
183.000 1.090 
184.000 1.090 
185.000 1.090 
186.000 1.090 
187.000 1.090 
188.000 1.090 
189.000 1.090 
190.000 1.090 
191.000 1.090 
192.000 1.090 
193.000 1.090 
194.000 1.090 
195.000 1.090 
196.000 1.090 
197.000 1.090 
198.000 1.090 
199.000 1.090 
200.000 1.090 
201.000 1.090 
202.000 1.090 
203.000 1.090 
204.000 1.090 
205.000 1.090 
206.000 1.090 
207.000 1.090 
208.000 1.090 
209.000 1.090 
210.000 1.090 
211.000 1.090 
212.000 1.090 
213.000 1.090 
214.000 1.090 
215.000 1.090 
216.000 1.091 
217.000 1.091 
218.000 1.091 
219.000 1.091 
220.000 1.091 
221.000 1.091 
222.000 1.091 
223.000 1.091 
224.000 1.091 
225.000 1.091 
226.000 1.091 
227.000 1.091 
228.000 1.091 
229.000 1.091 
230.000 1.091 
231.000 1.091 
232.000 1.091 
233.000 1.091 
234.000 1.091 
235.000 1.091 
236.000 1.091 
237.000 1.091 
238.000 1.091 
239.000 1.091 
240.000 1.091 
241.000 1.091 
242.000 1.091 
243.000 1.091 
244.000 1.091 
245.000 1.091 
246.000 1.091 
247.000 1.091 
248.000 1.091 
249.000 1.091 
250.000 1.091 
251.000 1.091 
252.000 1.091 
253.000 1.091 
254.000 1.091 
255.000 1.091 
256.000 1.091 
257.000 1.091 
258.000 1.091 
259.000 1.091 
260.000 1.091 
261.000 1.091 
262.000 1.091 
263.000 1.091 
264.000 1.091 
265.000 1.091 
266.000 1.091 
267.000 1.091 
268.000 1.091 
269.000 1.091 
270.000 1.091 
271.000 1.091 
272.000 1.091 
273.000 1.091 
274.000 1.091 
275.000 1.091 
276.000 1.091 
277.000 1.091 
278.000 1.091 
279.000 1.091 
280.000 1.091 
281.000 1.091 
282.000 1.091 
283.000 1.091 
284.000 1.091 
285.000 1.091 
286.000 1.091 
287.000 1.091 
288.000 1.091 
289.000 1.091 
290.000 1.091 
291.000 1.091 
292.000 1.091 
293.000 1.091 
294.000 1.091 
295.000 1.091 
296.000 1.091 
297.000 1.091 
298.000 1.091 
299.000 1.091 
300.000 1.091 
