1.000 2.000 
2.000 2.000 
3.000 2.000 
4.000 2.000 
5.000 2.000 
6.000 2.000 
7.000 1.988 
8.000 1.966 
9.000 1.937 
10.000 1.900 
11.000 1.859 
12.000 1.814 
13.000 1.766 
14.000 1.715 
15.000 1.663 
16.000 1.610 
17.000 1.556 
18.000 1.503 
19.000 1.449 
20.000 1.396 
21.000 1.344 
22.000 1.293 
23.000 1.243 
24.000 1.194 
25.000 1.147 
26.000 1.100 
27.000 1.055 
28.000 1.012 
29.000 0.970 
30.000 0.929 
31.000 0.890 
32.000 0.852 
33.000 0.816 
34.000 0.781 
35.000 0.747 
36.000 0.715 
37.000 0.684 
38.000 0.654 
39.000 0.626 
40.000 0.598 
41.000 0.572 
42.000 0.547 
43.000 0.523 
44.000 0.500 
45.000 0.478 
46.000 0.456 
47.000 0.436 
48.000 0.417 
49.000 0.398 
50.000 0.381 
51.000 0.364 
52.000 0.347 
53.000 0.332 
54.000 0.317 
55.000 0.303 
56.000 0.289 
57.000 0.276 
58.000 0.264 
59.000 0.252 
60.000 0.241 
61.000 0.230 
62.000 0.220 
63.000 0.210 
64.000 0.201 
65.000 0.192 
66.000 0.183 
67.000 0.175 
68.000 0.167 
69.000 0.160 
70.000 0.152 
71.000 0.146 
72.000 0.139 
73.000 0.133 
74.000 0.127 
75.000 0.121 
76.000 0.116 
77.000 0.110 
78.000 0.106 
79.000 0.101 
80.000 0.096 
81.000 0.092 
82.000 0.088 
83.000 0.084 
84.000 0.080 
85.000 0.076 
86.000 0.073 
87.000 0.070 
88.000 0.067 
89.000 0.064 
90.000 0.061 
91.000 0.058 
92.000 0.055 
93.000 0.053 
94.000 0.051 
95.000 0.048 
96.000 0.046 
97.000 0.044 
98.000 0.042 
99.000 0.040 
100.000 0.038 
101.000 0.037 
102.000 0.035 
103.000 0.033 
104.000 0.032 
105.000 0.031 
106.000 0.029 
107.000 0.028 
108.000 0.027 
109.000 0.025 
110.000 0.024 
111.000 0.023 
112.000 0.022 
113.000 0.021 
114.000 0.020 
115.000 0.019 
116.000 0.018 
117.000 0.018 
118.000 0.017 
119.000 0.016 
120.000 0.015 
121.000 0.015 
122.000 0.014 
123.000 0.013 
124.000 0.013 
125.000 0.012 
126.000 0.012 
127.000 0.011 
128.000 0.011 
129.000 0.010 
130.000 0.010 
131.000 0.009 
132.000 0.009 
133.000 0.008 
134.000 0.008 
135.000 0.008 
136.000 0.007 
137.000 0.007 
138.000 0.007 
139.000 0.006 
140.000 0.006 
141.000 0.006 
142.000 0.006 
143.000 0.005 
144.000 0.005 
145.000 0.005 
146.000 0.005 
147.000 0.004 
148.000 0.004 
149.000 0.004 
150.000 0.004 
151.000 0.004 
152.000 0.004 
153.000 0.003 
154.000 0.003 
155.000 0.003 
156.000 0.003 
157.000 0.003 
158.000 0.003 
159.000 0.003 
160.000 0.002 
161.000 0.002 
162.000 0.002 
163.000 0.002 
164.000 0.002 
165.000 0.002 
166.000 0.002 
167.000 0.002 
168.000 0.002 
169.000 0.002 
170.000 0.002 
171.000 0.001 
172.000 0.001 
173.000 0.001 
174.000 0.001 
175.000 0.001 
176.000 0.001 
177.000 0.001 
178.000 0.001 
179.000 0.001 
180.000 0.001 
181.000 0.001 
182.000 0.001 
183.000 0.001 
184.000 0.001 
185.000 0.001 
186.000 0.001 
187.000 0.001 
188.000 0.001 
189.000 0.001 
190.000 0.001 
191.000 0.001 
192.000 0.001 
193.000 0.001 
194.000 0.001 
195.000 0.000 
196.000 0.000 
197.000 0.000 
198.000 0.000 
199.000 0.000 
200.000 0.000 
201.000 0.000 
202.000 0.000 
203.000 0.000 
204.000 0.000 
205.000 0.000 
206.000 0.000 
207.000 0.000 
208.000 0.000 
209.000 0.000 
210.000 0.000 
211.000 0.000 
212.000 0.000 
213.000 0.000 
214.000 0.000 
215.000 0.000 
216.000 0.000 
217.000 0.000 
218.000 0.000 
219.000 0.000 
220.000 0.000 
221.000 0.000 
222.000 0.000 
223.000 0.000 
224.000 0.000 
225.000 0.000 
226.000 0.000 
227.000 0.000 
228.000 0.000 
229.000 0.000 
230.000 0.000 
231.000 0.000 
232.000 0.000 
233.000 0.000 
234.000 0.000 
235.000 0.000 
236.000 0.000 
237.000 0.000 
238.000 0.000 
239.000 0.000 
240.000 0.000 
241.000 0.000 
242.000 0.000 
243.000 0.000 
244.000 0.000 
245.000 0.000 
246.000 0.000 
247.000 0.000 
248.000 0.000 
249.000 0.000 
250.000 0.000 
251.000 0.000 
252.000 0.000 
253.000 0.000 
254.000 0.000 
255.000 0.000 
256.000 0.000 
257.000 0.000 
258.000 0.000 
259.000 0.000 
260.000 0.000 
261.000 0.000 
262.000 0.000 
263.000 0.000 
264.000 0.000 
265.000 0.000 
266.000 0.000 
267.000 0.000 
268.000 0.000 
269.000 0.000 
270.000 0.000 
271.000 0.000 
272.000 0.000 
273.000 0.000 
274.000 0.000 
275.000 0.000 
276.000 0.000 
277.000 0.000 
278.000 0.000 
279.000 0.000 
280.000 0.000 
281.000 0.000 
282.000 0.000 
283.000 0.000 
284.000 0.000 
285.000 0.000 
286.000 0.000 
287.000 0.000 
288.000 0.000 
289.000 0.000 
290.000 0.000 
291.000 0.000 
292.000 0.000 
293.000 0.000 
294.000 0.000 
295.000 0.000 
296.000 0.000 
297.000 0.000 
298.000 0.000 
299.000 0.000 
300.000 0.000 
301.000 0.000 
302.000 0.000 
303.000 0.000 
304.000 0.000 
305.000 0.000 
306.000 0.000 
307.000 0.000 
308.000 0.000 
309.000 0.000 
310.000 0.000 
311.000 0.000 
312.000 0.000 
313.000 0.000 
314.000 0.000 
315.000 0.000 
316.000 0.000 
317.000 0.000 
318.000 0.000 
319.000 0.000 
320.000 0.000 
321.000 0.000 
322.000 0.000 
323.000 0.000 
324.000 0.000 
325.000 0.000 
326.000 0.000 
327.000 0.000 
328.000 0.000 
329.000 0.000 
330.000 0.000 
331.000 0.000 
332.000 0.000 
333.000 0.000 
334.000 0.000 
335.000 0.000 
336.000 0.000 
337.000 0.000 
338.000 0.000 
339.000 0.000 
340.000 0.000 
341.000 0.000 
342.000 0.000 
343.000 0.000 
344.000 0.000 
345.000 0.000 
346.000 0.000 
347.000 0.000 
348.000 0.000 
349.000 0.000 
350.000 0.000 
351.000 0.000 
352.000 0.000 
353.000 0.000 
354.000 0.000 
355.000 0.000 
356.000 0.000 
357.000 0.000 
358.000 0.000 
359.000 0.000 
360.000 0.000 
361.000 0.000 
362.000 0.000 
363.000 0.000 
364.000 0.000 
365.000 0.000 
366.000 0.000 
367.000 0.000 
368.000 0.000 
369.000 0.000 
370.000 0.000 
371.000 0.000 
372.000 0.000 
373.000 0.000 
374.000 0.000 
375.000 0.000 
376.000 0.000 
377.000 0.000 
378.000 0.000 
379.000 0.000 
380.000 0.000 
381.000 0.000 
382.000 0.000 
383.000 0.000 
384.000 0.000 
385.000 0.000 
386.000 0.000 
387.000 0.000 
388.000 0.000 
389.000 0.000 
390.000 0.000 
391.000 0.000 
392.000 0.000 
393.000 0.000 
394.000 0.000 
395.000 0.000 
396.000 0.000 
397.000 0.000 
398.000 0.000 
399.000 0.000 
400.000 0.000 
401.000 0.000 
402.000 0.000 
403.000 0.000 
404.000 0.000 
405.000 0.000 
406.000 0.000 
407.000 0.000 
408.000 0.000 
409.000 0.000 
410.000 0.000 
411.000 0.000 
412.000 0.000 
413.000 0.000 
414.000 0.000 
415.000 0.000 
416.000 0.000 
417.000 0.000 
418.000 0.000 
419.000 0.000 
420.000 0.000 
421.000 0.000 
422.000 0.000 
423.000 0.000 
424.000 0.000 
425.000 0.000 
426.000 0.000 
427.000 0.000 
428.000 0.000 
429.000 0.000 
430.000 0.000 
431.000 0.000 
432.000 0.000 
433.000 0.000 
434.000 0.000 
435.000 0.000 
436.000 0.000 
437.000 0.000 
438.000 0.000 
439.000 0.000 
440.000 0.000 
441.000 0.000 
442.000 0.000 
443.000 0.000 
444.000 0.000 
445.000 0.000 
446.000 0.000 
447.000 0.000 
448.000 0.000 
449.000 0.000 
450.000 0.000 
451.000 0.000 
452.000 0.000 
453.000 0.000 
454.000 0.000 
455.000 0.000 
456.000 0.000 
457.000 0.000 
458.000 0.000 
459.000 0.000 
460.000 0.000 
461.000 0.000 
462.000 0.000 
463.000 0.000 
464.000 0.000 
465.000 0.000 
466.000 0.000 
467.000 0.000 
468.000 0.000 
469.000 0.000 
470.000 0.000 
471.000 0.000 
472.000 0.000 
473.000 0.000 
474.000 0.000 
475.000 0.000 
476.000 0.000 
477.000 0.000 
478.000 0.000 
479.000 0.000 
480.000 0.000 
481.000 0.000 
482.000 0.000 
483.000 0.000 
484.000 0.000 
485.000 0.000 
486.000 0.000 
487.000 0.000 
488.000 0.000 
489.000 0.000 
490.000 0.000 
491.000 0.000 
492.000 0.000 
493.000 0.000 
494.000 0.000 
495.000 0.000 
496.000 0.000 
497.000 0.000 
498.000 0.000 
499.000 0.000 
500.000 0.000 
