1.000 0.000 
2.000 0.000 
3.000 0.000 
4.000 0.000 
5.000 0.000 
6.000 0.000 
7.000 0.000 
8.000 0.000 
9.000 0.001 
10.000 0.001 
11.000 0.001 
12.000 0.002 
13.000 0.003 
14.000 0.003 
15.000 0.004 
16.000 0.005 
17.000 0.006 
18.000 0.007 
19.000 0.008 
20.000 0.010 
21.000 0.011 
22.000 0.013 
23.000 0.014 
24.000 0.015 
25.000 0.017 
26.000 0.019 
27.000 0.021 
28.000 0.023 
29.000 0.024 
30.000 0.027 
31.000 0.028 
32.000 0.030 
33.000 0.032 
34.000 0.034 
35.000 0.037 
36.000 0.039 
37.000 0.040 
38.000 0.043 
39.000 0.045 
40.000 0.047 
41.000 0.049 
42.000 0.050 
43.000 0.052 
44.000 0.053 
45.000 0.055 
46.000 0.056 
47.000 0.058 
48.000 0.060 
49.000 0.062 
50.000 0.064 
51.000 0.065 
52.000 0.068 
53.000 0.069 
54.000 0.071 
55.000 0.073 
56.000 0.075 
57.000 0.076 
58.000 0.078 
59.000 0.079 
60.000 0.080 
61.000 0.081 
62.000 0.082 
63.000 0.084 
64.000 0.085 
65.000 0.086 
66.000 0.087 
67.000 0.089 
68.000 0.090 
69.000 0.092 
70.000 0.093 
71.000 0.094 
72.000 0.095 
73.000 0.096 
74.000 0.097 
75.000 0.098 
76.000 0.099 
77.000 0.100 
78.000 0.101 
79.000 0.103 
80.000 0.104 
81.000 0.105 
82.000 0.106 
83.000 0.107 
84.000 0.108 
85.000 0.109 
86.000 0.110 
87.000 0.111 
88.000 0.113 
89.000 0.113 
90.000 0.114 
91.000 0.114 
92.000 0.115 
93.000 0.117 
94.000 0.119 
95.000 0.120 
96.000 0.120 
97.000 0.122 
98.000 0.122 
99.000 0.123 
100.000 0.124 
101.000 0.125 
102.000 0.126 
103.000 0.126 
104.000 0.127 
105.000 0.128 
106.000 0.129 
107.000 0.129 
108.000 0.129 
109.000 0.130 
110.000 0.130 
111.000 0.130 
112.000 0.131 
113.000 0.131 
114.000 0.132 
115.000 0.132 
116.000 0.133 
117.000 0.133 
118.000 0.134 
119.000 0.135 
120.000 0.135 
121.000 0.136 
122.000 0.136 
123.000 0.138 
124.000 0.138 
125.000 0.139 
126.000 0.139 
127.000 0.139 
128.000 0.139 
129.000 0.139 
130.000 0.140 
131.000 0.140 
132.000 0.140 
133.000 0.142 
134.000 0.143 
135.000 0.143 
136.000 0.144 
137.000 0.145 
138.000 0.146 
139.000 0.147 
140.000 0.148 
141.000 0.148 
142.000 0.149 
143.000 0.149 
144.000 0.150 
145.000 0.150 
146.000 0.150 
147.000 0.150 
148.000 0.151 
149.000 0.151 
150.000 0.151 
151.000 0.152 
152.000 0.153 
153.000 0.153 
154.000 0.154 
155.000 0.155 
156.000 0.155 
157.000 0.156 
158.000 0.156 
159.000 0.156 
160.000 0.157 
161.000 0.157 
162.000 0.157 
163.000 0.157 
164.000 0.157 
165.000 0.157 
166.000 0.157 
167.000 0.158 
168.000 0.158 
169.000 0.158 
170.000 0.158 
171.000 0.159 
172.000 0.160 
173.000 0.160 
174.000 0.160 
175.000 0.160 
176.000 0.161 
177.000 0.161 
178.000 0.161 
179.000 0.161 
180.000 0.161 
181.000 0.161 
182.000 0.161 
183.000 0.163 
184.000 0.163 
185.000 0.163 
186.000 0.164 
187.000 0.164 
188.000 0.164 
189.000 0.164 
190.000 0.164 
191.000 0.164 
192.000 0.164 
193.000 0.164 
194.000 0.164 
195.000 0.164 
196.000 0.164 
197.000 0.164 
198.000 0.164 
199.000 0.164 
200.000 0.164 
201.000 0.166 
202.000 0.166 
203.000 0.166 
204.000 0.167 
205.000 0.167 
206.000 0.167 
207.000 0.167 
208.000 0.167 
209.000 0.167 
210.000 0.167 
211.000 0.167 
212.000 0.167 
213.000 0.167 
214.000 0.167 
215.000 0.167 
216.000 0.167 
217.000 0.167 
218.000 0.167 
219.000 0.167 
220.000 0.167 
221.000 0.167 
222.000 0.168 
223.000 0.168 
224.000 0.169 
225.000 0.170 
226.000 0.170 
227.000 0.170 
228.000 0.171 
229.000 0.171 
230.000 0.171 
231.000 0.172 
232.000 0.172 
233.000 0.171 
234.000 0.171 
235.000 0.171 
236.000 0.171 
237.000 0.171 
238.000 0.172 
239.000 0.172 
240.000 0.172 
241.000 0.172 
242.000 0.172 
243.000 0.173 
244.000 0.173 
245.000 0.173 
246.000 0.172 
247.000 0.172 
248.000 0.173 
249.000 0.173 
250.000 0.173 
251.000 0.174 
252.000 0.174 
253.000 0.174 
254.000 0.174 
255.000 0.174 
256.000 0.174 
257.000 0.174 
258.000 0.174 
259.000 0.174 
260.000 0.174 
261.000 0.174 
262.000 0.174 
263.000 0.174 
264.000 0.174 
265.000 0.174 
266.000 0.174 
267.000 0.174 
268.000 0.174 
269.000 0.175 
270.000 0.175 
271.000 0.175 
272.000 0.175 
273.000 0.175 
274.000 0.175 
275.000 0.176 
276.000 0.176 
277.000 0.176 
278.000 0.175 
279.000 0.175 
280.000 0.176 
281.000 0.176 
282.000 0.176 
283.000 0.176 
284.000 0.176 
285.000 0.176 
286.000 0.176 
287.000 0.176 
288.000 0.176 
289.000 0.176 
290.000 0.175 
291.000 0.175 
292.000 0.175 
293.000 0.175 
294.000 0.175 
295.000 0.175 
296.000 0.175 
297.000 0.176 
298.000 0.176 
299.000 0.176 
300.000 0.176 
301.000 0.176 
302.000 0.176 
303.000 0.177 
304.000 0.177 
305.000 0.177 
306.000 0.178 
307.000 0.178 
308.000 0.178 
309.000 0.178 
310.000 0.178 
311.000 0.178 
312.000 0.178 
313.000 0.178 
314.000 0.178 
315.000 0.178 
316.000 0.179 
317.000 0.179 
318.000 0.179 
319.000 0.179 
320.000 0.179 
321.000 0.179 
322.000 0.179 
323.000 0.179 
324.000 0.179 
325.000 0.179 
326.000 0.179 
327.000 0.179 
328.000 0.179 
329.000 0.180 
330.000 0.180 
331.000 0.180 
332.000 0.180 
333.000 0.181 
334.000 0.181 
335.000 0.181 
336.000 0.181 
337.000 0.181 
338.000 0.181 
339.000 0.181 
340.000 0.181 
341.000 0.181 
342.000 0.181 
343.000 0.181 
344.000 0.180 
345.000 0.180 
346.000 0.180 
347.000 0.180 
348.000 0.180 
349.000 0.180 
350.000 0.180 
351.000 0.180 
352.000 0.181 
353.000 0.181 
354.000 0.181 
355.000 0.182 
356.000 0.182 
357.000 0.182 
358.000 0.182 
359.000 0.182 
360.000 0.183 
361.000 0.183 
362.000 0.183 
363.000 0.183 
364.000 0.183 
365.000 0.183 
366.000 0.184 
367.000 0.184 
368.000 0.184 
369.000 0.184 
370.000 0.184 
371.000 0.184 
372.000 0.183 
373.000 0.183 
374.000 0.183 
375.000 0.183 
376.000 0.183 
377.000 0.183 
378.000 0.183 
379.000 0.183 
380.000 0.183 
381.000 0.183 
382.000 0.183 
383.000 0.183 
384.000 0.183 
385.000 0.183 
386.000 0.182 
387.000 0.182 
388.000 0.182 
389.000 0.182 
390.000 0.182 
391.000 0.182 
392.000 0.182 
393.000 0.182 
394.000 0.181 
395.000 0.181 
396.000 0.181 
397.000 0.181 
398.000 0.181 
399.000 0.181 
400.000 0.181 
401.000 0.181 
402.000 0.181 
403.000 0.181 
404.000 0.181 
405.000 0.181 
406.000 0.181 
407.000 0.182 
408.000 0.182 
409.000 0.182 
410.000 0.182 
411.000 0.183 
412.000 0.183 
413.000 0.183 
414.000 0.183 
415.000 0.183 
416.000 0.183 
417.000 0.183 
418.000 0.184 
419.000 0.184 
420.000 0.184 
421.000 0.184 
422.000 0.185 
423.000 0.185 
424.000 0.185 
425.000 0.185 
426.000 0.185 
427.000 0.185 
428.000 0.185 
429.000 0.185 
430.000 0.185 
431.000 0.185 
432.000 0.185 
433.000 0.185 
434.000 0.186 
435.000 0.186 
436.000 0.186 
437.000 0.185 
438.000 0.186 
439.000 0.186 
440.000 0.186 
441.000 0.186 
442.000 0.186 
443.000 0.188 
444.000 0.188 
445.000 0.188 
446.000 0.186 
447.000 0.186 
448.000 0.186 
449.000 0.186 
450.000 0.186 
451.000 0.186 
452.000 0.186 
453.000 0.186 
454.000 0.186 
455.000 0.185 
456.000 0.185 
457.000 0.185 
458.000 0.185 
459.000 0.185 
460.000 0.185 
461.000 0.185 
462.000 0.185 
463.000 0.185 
464.000 0.185 
465.000 0.185 
466.000 0.185 
467.000 0.186 
468.000 0.186 
469.000 0.186 
470.000 0.186 
471.000 0.186 
472.000 0.186 
473.000 0.186 
474.000 0.186 
475.000 0.186 
476.000 0.186 
477.000 0.188 
478.000 0.188 
479.000 0.188 
480.000 0.188 
481.000 0.188 
482.000 0.188 
483.000 0.188 
484.000 0.188 
485.000 0.188 
486.000 0.188 
487.000 0.188 
488.000 0.188 
489.000 0.188 
490.000 0.188 
491.000 0.188 
492.000 0.188 
493.000 0.188 
494.000 0.188 
495.000 0.188 
496.000 0.188 
497.000 0.188 
498.000 0.188 
499.000 0.188 
500.000 0.188 
501.000 0.189 
502.000 0.189 
503.000 0.189 
504.000 0.189 
505.000 0.189 
506.000 0.189 
507.000 0.189 
508.000 0.189 
509.000 0.188 
510.000 0.188 
511.000 0.188 
512.000 0.186 
513.000 0.188 
514.000 0.188 
515.000 0.188 
516.000 0.188 
517.000 0.188 
518.000 0.188 
519.000 0.188 
520.000 0.188 
521.000 0.188 
522.000 0.188 
523.000 0.186 
524.000 0.186 
525.000 0.186 
526.000 0.186 
527.000 0.186 
528.000 0.186 
529.000 0.186 
530.000 0.186 
531.000 0.186 
532.000 0.186 
533.000 0.186 
534.000 0.186 
535.000 0.186 
536.000 0.186 
537.000 0.186 
538.000 0.186 
539.000 0.186 
540.000 0.188 
541.000 0.188 
542.000 0.188 
543.000 0.188 
544.000 0.188 
545.000 0.188 
546.000 0.188 
547.000 0.189 
548.000 0.189 
549.000 0.189 
550.000 0.189 
551.000 0.189 
552.000 0.189 
553.000 0.189 
554.000 0.189 
555.000 0.189 
556.000 0.189 
557.000 0.189 
558.000 0.189 
559.000 0.189 
560.000 0.188 
561.000 0.188 
562.000 0.188 
563.000 0.188 
564.000 0.188 
565.000 0.188 
566.000 0.188 
567.000 0.186 
568.000 0.186 
569.000 0.186 
570.000 0.186 
571.000 0.186 
572.000 0.186 
573.000 0.186 
574.000 0.186 
575.000 0.186 
576.000 0.186 
577.000 0.186 
578.000 0.186 
579.000 0.186 
580.000 0.186 
581.000 0.186 
582.000 0.186 
583.000 0.186 
584.000 0.186 
585.000 0.188 
586.000 0.188 
587.000 0.188 
588.000 0.188 
589.000 0.188 
590.000 0.186 
591.000 0.188 
592.000 0.188 
593.000 0.188 
594.000 0.186 
595.000 0.186 
596.000 0.186 
597.000 0.186 
598.000 0.186 
599.000 0.186 
600.000 0.186 
601.000 0.186 
602.000 0.186 
603.000 0.185 
604.000 0.186 
605.000 0.186 
606.000 0.186 
607.000 0.186 
608.000 0.186 
609.000 0.188 
610.000 0.186 
611.000 0.188 
612.000 0.188 
613.000 0.188 
614.000 0.188 
615.000 0.188 
616.000 0.188 
617.000 0.188 
618.000 0.188 
619.000 0.188 
620.000 0.188 
621.000 0.188 
622.000 0.188 
