1.000 34.430 
2.000 34.430 
3.000 34.430 
4.000 34.430 
5.000 34.430 
6.000 34.430 
7.000 34.430 
8.000 34.430 
9.000 34.430 
10.000 34.430 
11.000 34.430 
12.000 34.430 
13.000 34.430 
14.000 34.500 
15.000 34.500 
16.000 34.560 
17.000 34.560 
18.000 34.620 
19.000 34.620 
20.000 34.680 
21.000 34.750 
22.000 34.810 
23.000 34.870 
24.000 34.930 
25.000 35.000 
26.000 35.060 
27.000 35.120 
28.000 35.250 
29.000 35.310 
30.000 35.370 
31.000 35.430 
32.000 35.500 
33.000 35.620 
34.000 35.680 
35.000 35.750 
36.000 35.870 
37.000 35.930 
38.000 36.000 
39.000 36.120 
40.000 36.180 
41.000 36.310 
42.000 36.370 
43.000 36.430 
44.000 36.500 
45.000 36.560 
46.000 36.680 
47.000 36.750 
48.000 36.810 
49.000 36.930 
50.000 37.000 
51.000 37.060 
52.000 37.180 
53.000 37.250 
54.000 37.310 
55.000 37.370 
56.000 37.430 
57.000 37.500 
58.000 37.620 
59.000 37.680 
60.000 37.680 
61.000 37.750 
62.000 37.810 
63.000 37.870 
64.000 37.930 
65.000 38.000 
66.000 38.060 
67.000 38.120 
68.000 38.180 
69.000 38.180 
70.000 38.250 
71.000 38.310 
72.000 38.310 
73.000 38.370 
74.000 38.430 
75.000 38.430 
76.000 38.500 
77.000 38.500 
78.000 38.560 
79.000 38.620 
80.000 38.620 
81.000 38.680 
82.000 38.680 
83.000 38.750 
84.000 38.750 
85.000 38.810 
86.000 38.810 
87.000 38.870 
88.000 38.870 
89.000 38.930 
90.000 38.930 
91.000 39.000 
92.000 39.000 
93.000 39.060 
94.000 39.060 
95.000 39.120 
96.000 39.120 
97.000 39.180 
98.000 39.180 
99.000 39.250 
100.000 39.310 
101.000 39.310 
102.000 39.370 
103.000 39.430 
104.000 39.500 
105.000 39.500 
106.000 39.560 
107.000 39.620 
108.000 39.620 
109.000 39.680 
110.000 39.680 
111.000 39.750 
112.000 39.750 
113.000 39.810 
114.000 39.810 
115.000 39.870 
116.000 39.870 
117.000 39.930 
118.000 39.930 
119.000 40.000 
120.000 40.000 
121.000 40.060 
122.000 40.060 
123.000 40.060 
124.000 40.120 
125.000 40.120 
126.000 40.120 
127.000 40.120 
128.000 40.180 
129.000 40.180 
130.000 40.180 
131.000 40.250 
132.000 40.250 
133.000 40.250 
134.000 40.250 
135.000 40.250 
136.000 40.250 
137.000 40.250 
138.000 40.310 
139.000 40.310 
140.000 40.310 
141.000 40.310 
142.000 40.370 
143.000 40.370 
144.000 40.430 
145.000 40.430 
146.000 40.500 
147.000 40.500 
148.000 40.560 
149.000 40.560 
150.000 40.560 
151.000 40.620 
152.000 40.620 
153.000 40.620 
154.000 40.620 
155.000 40.680 
156.000 40.680 
157.000 40.680 
158.000 40.750 
159.000 40.750 
160.000 40.750 
161.000 40.750 
162.000 40.750 
163.000 40.810 
164.000 40.810 
165.000 40.810 
166.000 40.870 
167.000 40.870 
168.000 40.870 
169.000 40.870 
170.000 40.870 
171.000 40.870 
172.000 40.870 
173.000 40.870 
174.000 40.930 
175.000 40.870 
176.000 40.870 
177.000 40.930 
178.000 40.930 
179.000 40.930 
180.000 40.930 
181.000 40.930 
182.000 40.930 
183.000 40.930 
184.000 40.930 
185.000 40.930 
186.000 41.000 
187.000 41.000 
188.000 41.000 
189.000 41.000 
190.000 41.000 
191.000 41.000 
192.000 41.000 
193.000 41.000 
194.000 41.000 
195.000 41.000 
196.000 41.000 
197.000 41.000 
198.000 41.000 
199.000 41.060 
200.000 41.060 
201.000 41.060 
202.000 41.120 
203.000 41.120 
204.000 41.120 
205.000 41.120 
206.000 41.180 
207.000 41.120 
208.000 41.120 
209.000 41.180 
210.000 41.180 
211.000 41.180 
212.000 41.180 
213.000 41.180 
214.000 41.250 
215.000 41.250 
216.000 41.250 
217.000 41.250 
218.000 41.310 
219.000 41.310 
220.000 41.310 
221.000 41.310 
222.000 41.310 
223.000 41.370 
224.000 41.370 
225.000 41.370 
226.000 41.370 
227.000 41.370 
228.000 41.430 
229.000 41.430 
230.000 41.430 
231.000 41.370 
232.000 41.370 
233.000 41.370 
234.000 41.370 
235.000 41.370 
236.000 41.370 
237.000 41.370 
238.000 41.370 
239.000 41.370 
240.000 41.430 
241.000 41.430 
242.000 41.430 
243.000 41.500 
244.000 41.500 
245.000 41.500 
246.000 41.500 
247.000 41.500 
248.000 41.500 
249.000 41.500 
250.000 41.500 
251.000 41.500 
252.000 41.500 
253.000 41.500 
254.000 41.560 
255.000 41.560 
256.000 41.560 
257.000 41.620 
258.000 41.620 
259.000 41.620 
260.000 41.620 
261.000 41.620 
262.000 41.620 
263.000 41.620 
264.000 41.620 
265.000 41.620 
266.000 41.620 
267.000 41.620 
268.000 41.620 
269.000 41.620 
270.000 41.620 
271.000 41.620 
272.000 41.620 
273.000 41.620 
274.000 41.620 
275.000 41.620 
276.000 41.620 
277.000 41.620 
278.000 41.620 
279.000 41.620 
280.000 41.620 
281.000 41.620 
282.000 41.620 
283.000 41.620 
284.000 41.620 
285.000 41.620 
286.000 41.680 
287.000 41.680 
288.000 41.680 
289.000 41.680 
290.000 41.680 
291.000 41.680 
292.000 41.680 
293.000 41.680 
294.000 41.680 
295.000 41.750 
296.000 41.750 
297.000 41.750 
298.000 41.810 
299.000 41.810 
300.000 41.810 
301.000 41.870 
302.000 41.870 
303.000 41.870 
304.000 41.870 
305.000 41.870 
306.000 41.870 
307.000 41.870 
308.000 41.870 
309.000 41.870 
310.000 41.870 
311.000 41.870 
312.000 41.930 
313.000 41.870 
314.000 41.870 
315.000 41.870 
316.000 41.870 
317.000 41.870 
318.000 41.870 
319.000 41.870 
320.000 41.870 
321.000 41.870 
322.000 41.870 
323.000 41.870 
324.000 41.870 
325.000 41.930 
326.000 41.930 
327.000 41.930 
328.000 41.930 
329.000 41.930 
330.000 41.930 
331.000 41.930 
332.000 41.930 
333.000 41.930 
334.000 41.930 
335.000 41.870 
336.000 41.870 
337.000 41.870 
338.000 41.870 
339.000 41.870 
340.000 41.870 
341.000 41.870 
342.000 41.870 
343.000 41.870 
344.000 41.870 
345.000 41.870 
346.000 41.870 
347.000 41.870 
348.000 41.870 
349.000 41.870 
350.000 41.870 
351.000 41.870 
352.000 41.870 
353.000 41.870 
354.000 41.870 
355.000 41.870 
356.000 41.930 
357.000 41.930 
358.000 41.930 
359.000 42.000 
360.000 42.000 
361.000 42.000 
362.000 42.000 
363.000 42.000 
364.000 42.000 
365.000 42.000 
366.000 42.000 
367.000 42.000 
368.000 42.000 
369.000 42.000 
370.000 42.000 
371.000 42.000 
372.000 42.060 
373.000 42.060 
374.000 42.060 
375.000 42.060 
376.000 42.060 
377.000 42.060 
378.000 42.060 
379.000 42.060 
380.000 42.060 
381.000 42.060 
382.000 42.060 
383.000 42.060 
384.000 42.060 
385.000 42.000 
386.000 42.000 
387.000 42.000 
388.000 42.000 
389.000 42.000 
390.000 42.000 
391.000 42.000 
392.000 42.000 
393.000 42.000 
394.000 42.000 
395.000 42.000 
396.000 42.000 
397.000 42.000 
398.000 42.000 
399.000 42.000 
400.000 42.000 
401.000 42.000 
402.000 42.000 
403.000 42.000 
404.000 42.000 
405.000 42.000 
406.000 42.000 
407.000 42.060 
408.000 42.060 
409.000 42.060 
410.000 42.060 
411.000 42.060 
412.000 42.120 
413.000 42.120 
414.000 42.120 
415.000 42.120 
416.000 42.120 
417.000 42.120 
418.000 42.120 
419.000 42.180 
420.000 42.180 
421.000 42.180 
422.000 42.180 
423.000 42.250 
424.000 42.250 
425.000 42.250 
426.000 42.250 
427.000 42.250 
428.000 42.250 
429.000 42.250 
430.000 42.250 
431.000 42.250 
432.000 42.250 
433.000 42.250 
434.000 42.180 
435.000 42.180 
436.000 42.180 
437.000 42.180 
438.000 42.180 
439.000 42.180 
440.000 42.180 
441.000 42.180 
442.000 42.180 
443.000 42.180 
444.000 42.180 
445.000 42.120 
446.000 42.180 
447.000 42.180 
448.000 42.120 
449.000 42.120 
450.000 42.120 
451.000 42.120 
452.000 42.120 
453.000 42.120 
454.000 42.120 
455.000 42.120 
456.000 42.120 
457.000 42.120 
458.000 42.120 
459.000 42.120 
460.000 42.180 
461.000 42.180 
462.000 42.180 
463.000 42.180 
464.000 42.180 
465.000 42.180 
466.000 42.180 
467.000 42.180 
468.000 42.180 
469.000 42.180 
470.000 42.180 
471.000 42.180 
472.000 42.180 
473.000 42.180 
474.000 42.180 
475.000 42.180 
476.000 42.180 
477.000 42.180 
478.000 42.180 
479.000 42.180 
480.000 42.250 
481.000 42.250 
482.000 42.250 
483.000 42.250 
484.000 42.250 
485.000 42.250 
486.000 42.310 
487.000 42.310 
488.000 42.310 
489.000 42.250 
490.000 42.250 
491.000 42.310 
492.000 42.250 
493.000 42.250 
494.000 42.310 
495.000 42.250 
496.000 42.250 
497.000 42.250 
498.000 42.250 
499.000 42.250 
500.000 42.250 
501.000 42.250 
502.000 42.180 
503.000 42.250 
504.000 42.250 
505.000 42.250 
506.000 42.180 
507.000 42.180 
508.000 42.180 
509.000 42.250 
510.000 42.250 
511.000 42.250 
512.000 42.250 
513.000 42.250 
514.000 42.250 
515.000 42.310 
516.000 42.310 
517.000 42.310 
518.000 42.310 
519.000 42.310 
520.000 42.310 
521.000 42.250 
522.000 42.250 
523.000 42.250 
524.000 42.250 
525.000 42.250 
526.000 42.250 
527.000 42.250 
528.000 42.250 
529.000 42.180 
530.000 42.180 
531.000 42.180 
532.000 42.180 
533.000 42.180 
534.000 42.180 
535.000 42.180 
536.000 42.120 
537.000 42.120 
538.000 42.120 
539.000 42.120 
540.000 42.120 
541.000 42.180 
542.000 42.180 
543.000 42.180 
544.000 42.250 
545.000 42.250 
546.000 42.250 
547.000 42.250 
548.000 42.310 
549.000 42.310 
550.000 42.310 
551.000 42.310 
552.000 42.310 
553.000 42.310 
554.000 42.310 
555.000 42.310 
556.000 42.310 
557.000 42.310 
558.000 42.310 
559.000 42.250 
560.000 42.250 
561.000 42.250 
562.000 42.250 
563.000 42.250 
564.000 42.250 
565.000 42.180 
566.000 42.180 
567.000 42.180 
568.000 42.180 
569.000 42.180 
570.000 42.180 
571.000 42.180 
572.000 42.180 
573.000 42.180 
574.000 42.180 
575.000 42.180 
576.000 42.180 
577.000 42.180 
578.000 42.180 
579.000 42.180 
580.000 42.180 
581.000 42.180 
582.000 42.180 
583.000 42.250 
584.000 42.250 
585.000 42.250 
586.000 42.250 
587.000 42.250 
588.000 42.310 
589.000 42.310 
590.000 42.310 
591.000 42.310 
