1.000 34.750 
2.000 34.750 
3.000 34.750 
4.000 34.750 
5.000 34.750 
6.000 34.750 
7.000 34.750 
8.000 34.750 
9.000 34.810 
10.000 34.810 
11.000 34.810 
12.000 34.870 
13.000 34.930 
14.000 34.930 
15.000 35.000 
16.000 35.060 
17.000 35.120 
18.000 35.180 
19.000 35.250 
20.000 35.370 
21.000 35.430 
22.000 35.500 
23.000 35.560 
24.000 35.680 
25.000 35.750 
26.000 35.870 
27.000 36.000 
28.000 36.120 
29.000 36.180 
30.000 36.370 
31.000 36.430 
32.000 36.560 
33.000 36.680 
34.000 36.810 
35.000 37.000 
36.000 37.120 
37.000 37.180 
38.000 37.310 
39.000 37.430 
40.000 37.560 
41.000 37.680 
42.000 37.750 
43.000 37.870 
44.000 37.930 
45.000 38.060 
46.000 38.120 
47.000 38.250 
48.000 38.370 
49.000 38.500 
50.000 38.560 
51.000 38.680 
52.000 38.810 
53.000 38.870 
54.000 39.000 
55.000 39.120 
56.000 39.250 
57.000 39.310 
58.000 39.430 
59.000 39.500 
60.000 39.560 
61.000 39.620 
62.000 39.680 
63.000 39.810 
64.000 39.870 
65.000 39.930 
66.000 40.000 
67.000 40.060 
68.000 40.180 
69.000 40.250 
70.000 40.310 
71.000 40.370 
72.000 40.430 
73.000 40.500 
74.000 40.560 
75.000 40.620 
76.000 40.680 
77.000 40.750 
78.000 40.810 
79.000 40.930 
80.000 41.000 
81.000 41.060 
82.000 41.120 
83.000 41.180 
84.000 41.250 
85.000 41.310 
86.000 41.370 
87.000 41.430 
88.000 41.500 
89.000 41.500 
90.000 41.560 
91.000 41.620 
92.000 41.680 
93.000 41.750 
94.000 41.870 
95.000 41.930 
96.000 41.930 
97.000 42.060 
98.000 42.060 
99.000 42.120 
100.000 42.180 
101.000 42.250 
102.000 42.310 
103.000 42.310 
104.000 42.370 
105.000 42.430 
106.000 42.500 
107.000 42.500 
108.000 42.500 
109.000 42.560 
110.000 42.560 
111.000 42.560 
112.000 42.620 
113.000 42.620 
114.000 42.680 
115.000 42.680 
116.000 42.750 
117.000 42.750 
118.000 42.810 
119.000 42.870 
120.000 42.870 
121.000 42.930 
122.000 42.930 
123.000 43.000 
124.000 43.000 
125.000 43.060 
126.000 43.060 
127.000 43.120 
128.000 43.120 
129.000 43.120 
130.000 43.180 
131.000 43.180 
132.000 43.180 
133.000 43.250 
134.000 43.310 
135.000 43.310 
136.000 43.370 
137.000 43.430 
138.000 43.500 
139.000 43.560 
140.000 43.620 
141.000 43.620 
142.000 43.680 
143.000 43.680 
144.000 43.750 
145.000 43.750 
146.000 43.750 
147.000 43.750 
148.000 43.810 
149.000 43.810 
150.000 43.810 
151.000 43.870 
152.000 43.930 
153.000 43.930 
154.000 44.000 
155.000 44.060 
156.000 44.060 
157.000 44.120 
158.000 44.120 
159.000 44.120 
160.000 44.180 
161.000 44.180 
162.000 44.180 
163.000 44.180 
164.000 44.180 
165.000 44.180 
166.000 44.180 
167.000 44.250 
168.000 44.250 
169.000 44.250 
170.000 44.250 
171.000 44.310 
172.000 44.370 
173.000 44.370 
174.000 44.370 
175.000 44.370 
176.000 44.430 
177.000 44.430 
178.000 44.430 
179.000 44.430 
180.000 44.430 
181.000 44.430 
182.000 44.430 
183.000 44.500 
184.000 44.500 
185.000 44.500 
186.000 44.560 
187.000 44.560 
188.000 44.560 
189.000 44.560 
190.000 44.560 
191.000 44.560 
192.000 44.620 
193.000 44.620 
194.000 44.620 
195.000 44.620 
196.000 44.620 
197.000 44.620 
198.000 44.620 
199.000 44.620 
200.000 44.620 
201.000 44.680 
202.000 44.680 
203.000 44.680 
204.000 44.750 
205.000 44.750 
206.000 44.750 
207.000 44.750 
208.000 44.750 
209.000 44.750 
210.000 44.750 
211.000 44.750 
212.000 44.750 
213.000 44.750 
214.000 44.750 
215.000 44.750 
216.000 44.750 
217.000 44.750 
218.000 44.750 
219.000 44.750 
220.000 44.750 
221.000 44.750 
222.000 44.810 
223.000 44.810 
224.000 44.870 
225.000 44.930 
226.000 44.930 
227.000 44.930 
228.000 45.000 
229.000 45.000 
230.000 45.000 
231.000 45.060 
232.000 45.060 
233.000 45.000 
234.000 45.000 
235.000 45.000 
236.000 45.000 
237.000 45.000 
238.000 45.060 
239.000 45.060 
240.000 45.060 
241.000 45.060 
242.000 45.060 
243.000 45.120 
244.000 45.120 
245.000 45.120 
246.000 45.060 
247.000 45.060 
248.000 45.120 
249.000 45.120 
250.000 45.120 
251.000 45.180 
252.000 45.180 
253.000 45.180 
254.000 45.180 
255.000 45.180 
256.000 45.180 
257.000 45.180 
258.000 45.180 
259.000 45.180 
260.000 45.180 
261.000 45.180 
262.000 45.180 
263.000 45.180 
264.000 45.180 
265.000 45.180 
266.000 45.180 
267.000 45.180 
268.000 45.180 
269.000 45.250 
270.000 45.250 
271.000 45.250 
272.000 45.250 
273.000 45.250 
274.000 45.250 
275.000 45.310 
276.000 45.310 
277.000 45.310 
278.000 45.250 
279.000 45.250 
280.000 45.310 
281.000 45.310 
282.000 45.310 
283.000 45.310 
284.000 45.310 
285.000 45.310 
286.000 45.310 
287.000 45.310 
288.000 45.310 
289.000 45.310 
290.000 45.250 
291.000 45.250 
292.000 45.250 
293.000 45.250 
294.000 45.250 
295.000 45.250 
296.000 45.250 
297.000 45.310 
298.000 45.310 
299.000 45.310 
300.000 45.310 
301.000 45.310 
302.000 45.310 
303.000 45.370 
304.000 45.370 
305.000 45.370 
306.000 45.430 
307.000 45.430 
308.000 45.430 
309.000 45.430 
310.000 45.430 
311.000 45.430 
312.000 45.430 
313.000 45.430 
314.000 45.430 
315.000 45.430 
316.000 45.500 
317.000 45.500 
318.000 45.500 
319.000 45.500 
320.000 45.500 
321.000 45.500 
322.000 45.500 
323.000 45.500 
324.000 45.500 
325.000 45.500 
326.000 45.500 
327.000 45.500 
328.000 45.500 
329.000 45.560 
330.000 45.560 
331.000 45.560 
332.000 45.560 
333.000 45.620 
334.000 45.620 
335.000 45.620 
336.000 45.620 
337.000 45.620 
338.000 45.620 
339.000 45.620 
340.000 45.620 
341.000 45.620 
342.000 45.620 
343.000 45.620 
344.000 45.560 
345.000 45.560 
346.000 45.560 
347.000 45.560 
348.000 45.560 
349.000 45.560 
350.000 45.560 
351.000 45.560 
352.000 45.620 
353.000 45.620 
354.000 45.620 
355.000 45.680 
356.000 45.680 
357.000 45.680 
358.000 45.680 
359.000 45.680 
360.000 45.750 
361.000 45.750 
362.000 45.750 
363.000 45.750 
364.000 45.750 
365.000 45.750 
366.000 45.810 
367.000 45.810 
368.000 45.810 
369.000 45.810 
370.000 45.810 
371.000 45.810 
372.000 45.750 
373.000 45.750 
374.000 45.750 
375.000 45.750 
376.000 45.750 
377.000 45.750 
378.000 45.750 
379.000 45.750 
380.000 45.750 
381.000 45.750 
382.000 45.750 
383.000 45.750 
384.000 45.750 
385.000 45.750 
386.000 45.680 
387.000 45.680 
388.000 45.680 
389.000 45.680 
390.000 45.680 
391.000 45.680 
392.000 45.680 
393.000 45.680 
394.000 45.620 
395.000 45.620 
396.000 45.620 
397.000 45.620 
398.000 45.620 
399.000 45.620 
400.000 45.620 
401.000 45.620 
402.000 45.620 
403.000 45.620 
404.000 45.620 
405.000 45.620 
406.000 45.620 
407.000 45.680 
408.000 45.680 
409.000 45.680 
410.000 45.680 
411.000 45.750 
412.000 45.750 
413.000 45.750 
414.000 45.750 
415.000 45.750 
416.000 45.750 
417.000 45.750 
418.000 45.810 
419.000 45.810 
420.000 45.810 
421.000 45.810 
422.000 45.870 
423.000 45.870 
424.000 45.870 
425.000 45.870 
426.000 45.870 
427.000 45.870 
428.000 45.870 
429.000 45.870 
430.000 45.870 
431.000 45.870 
432.000 45.870 
433.000 45.870 
434.000 45.930 
435.000 45.930 
436.000 45.930 
437.000 45.870 
438.000 45.930 
439.000 45.930 
440.000 45.930 
441.000 45.930 
442.000 45.930 
443.000 46.000 
444.000 46.000 
445.000 46.000 
446.000 45.930 
447.000 45.930 
448.000 45.930 
449.000 45.930 
450.000 45.930 
451.000 45.930 
452.000 45.930 
453.000 45.930 
454.000 45.930 
455.000 45.870 
456.000 45.870 
457.000 45.870 
458.000 45.870 
459.000 45.870 
460.000 45.870 
461.000 45.870 
462.000 45.870 
463.000 45.870 
464.000 45.870 
465.000 45.870 
466.000 45.870 
467.000 45.930 
468.000 45.930 
469.000 45.930 
470.000 45.930 
471.000 45.930 
472.000 45.930 
473.000 45.930 
474.000 45.930 
475.000 45.930 
476.000 45.930 
477.000 46.000 
478.000 46.000 
479.000 46.000 
480.000 46.000 
481.000 46.000 
482.000 46.000 
483.000 46.000 
484.000 46.000 
485.000 46.000 
486.000 46.000 
487.000 46.000 
488.000 46.000 
489.000 46.000 
490.000 46.000 
491.000 46.000 
492.000 46.000 
493.000 46.000 
494.000 46.000 
495.000 46.000 
496.000 46.000 
497.000 46.000 
498.000 46.000 
499.000 46.000 
500.000 46.000 
501.000 46.060 
502.000 46.060 
503.000 46.060 
504.000 46.060 
505.000 46.060 
506.000 46.060 
507.000 46.060 
508.000 46.060 
509.000 46.000 
510.000 46.000 
511.000 46.000 
512.000 45.930 
513.000 46.000 
514.000 46.000 
515.000 46.000 
516.000 46.000 
517.000 46.000 
518.000 46.000 
519.000 46.000 
520.000 46.000 
521.000 46.000 
522.000 46.000 
523.000 45.930 
524.000 45.930 
525.000 45.930 
526.000 45.930 
527.000 45.930 
528.000 45.930 
529.000 45.930 
530.000 45.930 
531.000 45.930 
532.000 45.930 
533.000 45.930 
534.000 45.930 
535.000 45.930 
536.000 45.930 
537.000 45.930 
538.000 45.930 
539.000 45.930 
540.000 46.000 
541.000 46.000 
542.000 46.000 
543.000 46.000 
544.000 46.000 
545.000 46.000 
546.000 46.000 
547.000 46.060 
548.000 46.060 
549.000 46.060 
550.000 46.060 
551.000 46.060 
552.000 46.060 
553.000 46.060 
554.000 46.060 
555.000 46.060 
556.000 46.060 
557.000 46.060 
558.000 46.060 
559.000 46.060 
560.000 46.000 
561.000 46.000 
562.000 46.000 
563.000 46.000 
564.000 46.000 
565.000 46.000 
566.000 46.000 
567.000 45.930 
568.000 45.930 
569.000 45.930 
570.000 45.930 
571.000 45.930 
572.000 45.930 
573.000 45.930 
574.000 45.930 
575.000 45.930 
576.000 45.930 
577.000 45.930 
578.000 45.930 
579.000 45.930 
580.000 45.930 
581.000 45.930 
582.000 45.930 
583.000 45.930 
584.000 45.930 
585.000 46.000 
586.000 46.000 
587.000 46.000 
588.000 46.000 
589.000 46.000 
590.000 45.930 
591.000 46.000 
592.000 46.000 
593.000 46.000 
594.000 45.930 
595.000 45.930 
596.000 45.930 
597.000 45.930 
598.000 45.930 
599.000 45.930 
600.000 45.930 
601.000 45.930 
602.000 45.930 
603.000 45.870 
604.000 45.930 
605.000 45.930 
606.000 45.930 
607.000 45.930 
608.000 45.930 
609.000 46.000 
610.000 45.930 
611.000 46.000 
612.000 46.000 
613.000 46.000 
614.000 46.000 
615.000 46.000 
616.000 46.000 
617.000 46.000 
618.000 46.000 
619.000 46.000 
620.000 46.000 
621.000 46.000 
622.000 46.000 
