1.000 34.060 
2.000 34.060 
3.000 34.060 
4.000 34.060 
5.000 34.060 
6.000 34.060 
7.000 34.060 
8.000 34.060 
9.000 34.060 
10.000 34.060 
11.000 34.060 
12.000 34.060 
13.000 34.060 
14.000 34.120 
15.000 34.120 
16.000 34.120 
17.000 34.180 
18.000 34.180 
19.000 34.250 
20.000 34.250 
21.000 34.250 
22.000 34.310 
23.000 34.310 
24.000 34.370 
25.000 34.370 
26.000 34.430 
27.000 34.430 
28.000 34.500 
29.000 34.500 
30.000 34.560 
31.000 34.620 
32.000 34.620 
33.000 34.680 
34.000 34.680 
35.000 34.750 
36.000 34.810 
37.000 34.810 
38.000 34.870 
39.000 34.930 
40.000 35.000 
41.000 35.060 
42.000 35.060 
43.000 35.120 
44.000 35.120 
45.000 35.180 
46.000 35.250 
47.000 35.250 
48.000 35.310 
49.000 35.370 
50.000 35.370 
51.000 35.430 
52.000 35.430 
53.000 35.500 
54.000 35.500 
55.000 35.560 
56.000 35.620 
57.000 35.620 
58.000 35.680 
59.000 35.680 
60.000 35.750 
61.000 35.750 
62.000 35.810 
63.000 35.810 
64.000 35.870 
65.000 35.870 
66.000 35.870 
67.000 35.930 
68.000 35.930 
69.000 35.930 
70.000 36.000 
71.000 36.000 
72.000 36.060 
73.000 36.060 
74.000 36.060 
75.000 36.120 
76.000 36.120 
77.000 36.120 
78.000 36.180 
79.000 36.180 
80.000 36.180 
81.000 36.250 
82.000 36.250 
83.000 36.250 
84.000 36.310 
85.000 36.310 
86.000 36.310 
87.000 36.370 
88.000 36.430 
89.000 36.430 
90.000 36.430 
91.000 36.500 
92.000 36.500 
93.000 36.500 
94.000 36.560 
95.000 36.560 
96.000 36.620 
97.000 36.620 
98.000 36.680 
99.000 36.680 
100.000 36.680 
101.000 36.750 
102.000 36.750 
103.000 36.810 
104.000 36.810 
105.000 36.810 
106.000 36.810 
107.000 36.810 
108.000 36.810 
109.000 36.870 
110.000 36.870 
111.000 36.930 
112.000 36.930 
113.000 36.930 
114.000 36.930 
115.000 36.930 
116.000 37.000 
117.000 37.000 
118.000 37.000 
119.000 37.000 
120.000 37.000 
121.000 37.060 
122.000 37.060 
123.000 37.060 
124.000 37.060 
125.000 37.060 
126.000 37.060 
127.000 37.060 
128.000 37.060 
129.000 37.060 
130.000 37.060 
131.000 37.060 
132.000 37.120 
133.000 37.120 
134.000 37.120 
135.000 37.060 
136.000 37.120 
137.000 37.120 
138.000 37.120 
139.000 37.120 
140.000 37.120 
141.000 37.180 
142.000 37.180 
143.000 37.180 
144.000 37.180 
145.000 37.180 
146.000 37.180 
147.000 37.180 
148.000 37.250 
149.000 37.250 
150.000 37.250 
151.000 37.250 
152.000 37.250 
153.000 37.250 
154.000 37.250 
155.000 37.250 
156.000 37.250 
157.000 37.250 
158.000 37.250 
159.000 37.250 
160.000 37.250 
161.000 37.250 
162.000 37.250 
163.000 37.250 
164.000 37.310 
165.000 37.310 
166.000 37.310 
167.000 37.310 
168.000 37.310 
169.000 37.310 
170.000 37.310 
171.000 37.310 
172.000 37.310 
173.000 37.370 
174.000 37.370 
175.000 37.370 
176.000 37.370 
177.000 37.370 
178.000 37.430 
179.000 37.430 
180.000 37.430 
181.000 37.430 
182.000 37.500 
183.000 37.500 
184.000 37.500 
185.000 37.500 
186.000 37.500 
187.000 37.500 
188.000 37.500 
189.000 37.500 
190.000 37.500 
191.000 37.500 
192.000 37.500 
193.000 37.500 
194.000 37.560 
195.000 37.560 
196.000 37.560 
197.000 37.560 
198.000 37.560 
199.000 37.560 
200.000 37.560 
201.000 37.560 
202.000 37.560 
203.000 37.560 
204.000 37.560 
205.000 37.560 
206.000 37.560 
207.000 37.560 
208.000 37.560 
209.000 37.560 
210.000 37.560 
211.000 37.620 
212.000 37.620 
213.000 37.620 
214.000 37.620 
215.000 37.620 
216.000 37.620 
217.000 37.620 
218.000 37.620 
219.000 37.620 
220.000 37.620 
221.000 37.620 
222.000 37.680 
223.000 37.680 
224.000 37.680 
225.000 37.680 
226.000 37.680 
227.000 37.680 
228.000 37.680 
229.000 37.680 
230.000 37.680 
231.000 37.680 
232.000 37.680 
233.000 37.680 
234.000 37.680 
235.000 37.680 
236.000 37.750 
237.000 37.750 
238.000 37.750 
239.000 37.750 
240.000 37.750 
241.000 37.680 
242.000 37.680 
243.000 37.680 
244.000 37.680 
245.000 37.680 
246.000 37.680 
247.000 37.680 
248.000 37.680 
249.000 37.680 
250.000 37.680 
251.000 37.680 
252.000 37.680 
253.000 37.680 
254.000 37.680 
255.000 37.680 
256.000 37.680 
257.000 37.680 
258.000 37.680 
259.000 37.750 
260.000 37.750 
261.000 37.750 
262.000 37.750 
263.000 37.750 
264.000 37.750 
265.000 37.680 
266.000 37.680 
267.000 37.680 
268.000 37.680 
269.000 37.680 
270.000 37.680 
271.000 37.680 
272.000 37.680 
273.000 37.680 
274.000 37.680 
275.000 37.750 
276.000 37.750 
277.000 37.750 
278.000 37.750 
279.000 37.750 
280.000 37.750 
281.000 37.750 
282.000 37.750 
283.000 37.750 
284.000 37.750 
285.000 37.750 
286.000 37.750 
287.000 37.750 
288.000 37.750 
289.000 37.750 
290.000 37.750 
291.000 37.810 
292.000 37.810 
293.000 37.810 
294.000 37.810 
295.000 37.810 
296.000 37.870 
297.000 37.870 
298.000 37.870 
299.000 37.870 
300.000 37.870 
301.000 37.870 
302.000 37.870 
303.000 37.870 
304.000 37.870 
305.000 37.870 
306.000 37.870 
307.000 37.930 
308.000 37.930 
309.000 37.930 
310.000 37.930 
311.000 37.870 
312.000 37.930 
313.000 37.930 
314.000 37.930 
315.000 37.930 
316.000 37.930 
317.000 37.930 
318.000 37.930 
319.000 37.930 
320.000 37.870 
321.000 37.870 
322.000 37.870 
323.000 37.930 
324.000 37.930 
325.000 37.930 
326.000 37.930 
327.000 37.930 
328.000 37.930 
329.000 37.930 
330.000 37.930 
331.000 37.930 
332.000 37.930 
333.000 37.930 
334.000 37.930 
335.000 37.930 
336.000 37.930 
337.000 37.930 
338.000 37.930 
339.000 37.930 
340.000 37.930 
341.000 37.930 
342.000 37.930 
343.000 37.930 
344.000 37.930 
345.000 37.930 
346.000 37.930 
347.000 37.930 
348.000 37.930 
349.000 37.930 
350.000 37.930 
351.000 37.930 
352.000 37.930 
353.000 37.930 
354.000 37.930 
355.000 37.930 
356.000 37.930 
357.000 37.930 
358.000 37.870 
359.000 37.870 
360.000 37.870 
361.000 37.930 
362.000 37.870 
363.000 37.870 
364.000 37.930 
365.000 37.930 
366.000 37.930 
367.000 37.930 
368.000 37.930 
369.000 37.930 
370.000 37.930 
371.000 37.930 
372.000 37.930 
373.000 37.930 
374.000 37.930 
375.000 37.930 
376.000 37.930 
377.000 37.930 
378.000 38.000 
379.000 38.000 
380.000 38.000 
381.000 38.000 
382.000 38.000 
383.000 38.000 
384.000 38.060 
385.000 38.060 
386.000 38.060 
387.000 38.060 
388.000 38.060 
389.000 38.060 
390.000 38.060 
391.000 38.060 
392.000 38.060 
393.000 38.060 
394.000 38.060 
395.000 38.060 
396.000 38.060 
397.000 38.060 
398.000 38.060 
399.000 38.000 
400.000 38.000 
401.000 38.060 
402.000 38.000 
403.000 38.000 
404.000 38.000 
405.000 38.000 
406.000 38.000 
407.000 38.000 
408.000 38.000 
409.000 38.000 
410.000 38.000 
411.000 38.000 
412.000 38.000 
413.000 38.060 
414.000 38.060 
415.000 38.000 
416.000 38.060 
417.000 38.000 
418.000 38.000 
419.000 38.060 
420.000 38.000 
421.000 38.000 
422.000 38.000 
423.000 38.000 
424.000 38.000 
425.000 37.930 
426.000 37.930 
427.000 37.930 
428.000 37.930 
429.000 37.930 
430.000 37.930 
431.000 37.930 
432.000 37.930 
433.000 37.930 
434.000 37.930 
435.000 37.930 
436.000 37.930 
437.000 37.930 
438.000 37.930 
439.000 37.930 
440.000 37.930 
441.000 37.930 
442.000 38.000 
443.000 38.000 
444.000 38.000 
445.000 38.000 
446.000 38.000 
447.000 38.000 
448.000 38.000 
449.000 38.000 
450.000 38.000 
451.000 38.000 
452.000 38.000 
453.000 38.000 
454.000 38.000 
455.000 38.000 
456.000 38.000 
457.000 38.000 
458.000 38.000 
459.000 38.000 
460.000 38.000 
461.000 38.000 
462.000 38.000 
463.000 38.000 
464.000 38.000 
465.000 38.000 
466.000 38.000 
467.000 38.000 
468.000 38.000 
469.000 38.000 
470.000 38.000 
471.000 38.000 
472.000 38.000 
473.000 38.000 
474.000 38.000 
475.000 38.000 
476.000 38.000 
477.000 38.000 
478.000 38.000 
479.000 38.000 
480.000 38.000 
481.000 38.000 
482.000 38.000 
483.000 38.000 
484.000 38.000 
485.000 38.000 
486.000 38.000 
487.000 38.000 
488.000 38.000 
489.000 38.000 
490.000 38.000 
491.000 38.000 
492.000 38.060 
493.000 38.060 
494.000 38.000 
495.000 38.000 
496.000 38.000 
497.000 38.000 
498.000 38.000 
499.000 38.000 
500.000 37.930 
501.000 37.930 
