1.000 20.000 
2.000 20.000 
3.000 20.000 
4.000 20.000 
5.000 20.000 
6.000 20.000 
7.000 20.000 
8.000 20.000 
9.000 20.000 
10.000 20.000 
11.000 20.000 
12.000 20.000 
13.000 20.000 
14.000 20.000 
15.000 20.000 
16.000 20.000 
17.000 20.000 
18.000 20.000 
19.000 20.000 
20.000 20.000 
21.000 20.000 
22.000 20.000 
23.000 20.000 
24.000 20.000 
25.000 20.000 
26.000 20.000 
27.000 20.000 
28.000 20.000 
29.000 20.000 
30.000 20.000 
31.000 20.000 
32.000 20.000 
33.000 20.000 
34.000 20.000 
35.000 20.000 
36.000 20.000 
37.000 20.000 
38.000 20.000 
39.000 20.000 
40.000 20.000 
41.000 20.000 
42.000 20.000 
43.000 20.000 
44.000 20.000 
45.000 20.000 
46.000 20.000 
47.000 20.000 
48.000 20.000 
49.000 20.000 
50.000 20.000 
51.000 20.000 
52.000 20.000 
53.000 20.000 
54.000 20.000 
55.000 20.000 
56.000 20.000 
57.000 20.000 
58.000 20.000 
59.000 20.000 
60.000 20.000 
61.000 20.000 
62.000 20.000 
63.000 20.000 
64.000 20.000 
65.000 20.000 
66.000 20.000 
67.000 20.000 
68.000 20.000 
69.000 20.000 
70.000 20.000 
71.000 20.000 
72.000 20.000 
73.000 20.000 
74.000 20.000 
75.000 20.000 
76.000 20.000 
77.000 20.000 
78.000 20.000 
79.000 20.000 
80.000 20.000 
81.000 20.000 
82.000 20.000 
83.000 20.000 
84.000 20.000 
85.000 20.000 
86.000 20.000 
87.000 20.000 
88.000 20.000 
89.000 20.000 
90.000 20.000 
91.000 20.000 
92.000 20.000 
93.000 20.000 
94.000 20.000 
95.000 20.000 
96.000 20.000 
97.000 20.000 
98.000 20.000 
99.000 20.000 
100.000 20.000 
101.000 20.000 
102.000 20.000 
103.000 20.000 
104.000 20.000 
105.000 20.000 
106.000 20.000 
107.000 20.000 
108.000 20.000 
109.000 20.000 
110.000 20.000 
111.000 20.000 
112.000 20.000 
113.000 20.000 
114.000 20.000 
115.000 20.000 
116.000 20.000 
117.000 20.000 
118.000 20.000 
119.000 20.000 
120.000 20.000 
121.000 20.000 
122.000 20.000 
123.000 20.000 
124.000 20.000 
125.000 20.000 
126.000 20.000 
127.000 20.000 
128.000 20.000 
129.000 20.000 
130.000 20.000 
131.000 20.000 
132.000 20.000 
133.000 20.000 
134.000 20.000 
135.000 20.000 
136.000 20.000 
137.000 20.000 
138.000 20.000 
139.000 20.000 
140.000 20.000 
141.000 20.000 
142.000 20.000 
143.000 20.000 
144.000 20.000 
145.000 20.000 
146.000 20.000 
147.000 20.000 
148.000 20.000 
149.000 20.000 
150.000 20.000 
151.000 20.000 
152.000 20.000 
153.000 20.000 
154.000 20.000 
155.000 20.000 
156.000 20.000 
157.000 20.000 
158.000 20.000 
159.000 20.000 
160.000 20.000 
161.000 20.000 
162.000 20.000 
163.000 20.000 
164.000 20.000 
165.000 20.000 
166.000 20.000 
167.000 20.000 
168.000 20.000 
169.000 20.000 
170.000 20.000 
171.000 20.000 
172.000 20.000 
173.000 20.000 
174.000 20.000 
175.000 20.000 
176.000 20.000 
177.000 20.000 
178.000 20.000 
179.000 20.000 
180.000 20.000 
181.000 20.000 
182.000 20.000 
183.000 20.000 
184.000 20.000 
185.000 20.000 
186.000 20.000 
187.000 20.000 
188.000 20.000 
189.000 20.000 
190.000 20.000 
191.000 20.000 
192.000 20.000 
193.000 20.000 
194.000 20.000 
195.000 20.000 
196.000 20.000 
197.000 20.000 
198.000 20.000 
199.000 20.000 
200.000 20.000 
201.000 20.000 
202.000 20.000 
203.000 20.000 
204.000 20.000 
205.000 20.000 
206.000 20.000 
207.000 20.000 
208.000 20.000 
209.000 20.000 
210.000 20.000 
211.000 20.000 
212.000 20.000 
213.000 20.000 
214.000 20.000 
215.000 20.000 
216.000 20.000 
217.000 20.000 
218.000 20.000 
219.000 20.000 
220.000 20.000 
221.000 20.000 
222.000 20.000 
223.000 20.000 
224.000 20.000 
225.000 20.000 
226.000 20.000 
227.000 20.000 
228.000 20.000 
229.000 20.000 
230.000 20.000 
231.000 20.000 
232.000 20.000 
233.000 20.000 
234.000 20.000 
235.000 20.000 
236.000 20.000 
237.000 20.000 
238.000 20.000 
239.000 20.000 
240.000 20.000 
241.000 20.000 
242.000 20.000 
243.000 20.000 
244.000 20.000 
245.000 20.000 
246.000 20.000 
247.000 20.000 
248.000 20.000 
249.000 20.000 
250.000 20.000 
251.000 20.000 
252.000 20.000 
253.000 20.000 
254.000 20.000 
255.000 20.000 
256.000 20.000 
257.000 20.000 
258.000 20.000 
259.000 20.000 
260.000 20.000 
261.000 20.000 
262.000 20.000 
263.000 20.000 
264.000 20.000 
265.000 20.000 
266.000 20.000 
267.000 20.000 
268.000 20.000 
269.000 20.000 
270.000 20.000 
271.000 20.000 
272.000 20.000 
273.000 20.000 
274.000 20.000 
275.000 20.000 
276.000 20.000 
277.000 20.000 
278.000 20.000 
279.000 20.000 
280.000 20.000 
281.000 20.000 
282.000 20.000 
283.000 20.000 
284.000 20.000 
285.000 20.000 
286.000 20.000 
287.000 20.000 
288.000 20.000 
289.000 20.000 
290.000 20.000 
291.000 20.000 
292.000 20.000 
293.000 20.000 
294.000 20.000 
295.000 20.000 
296.000 20.000 
297.000 20.000 
298.000 20.000 
299.000 20.000 
300.000 20.000 
301.000 20.000 
302.000 20.000 
303.000 20.000 
304.000 20.000 
305.000 20.000 
306.000 20.000 
307.000 20.000 
308.000 20.000 
309.000 20.000 
310.000 20.000 
311.000 20.000 
312.000 20.000 
313.000 20.000 
314.000 20.000 
315.000 20.000 
316.000 20.000 
317.000 20.000 
318.000 20.000 
319.000 20.000 
320.000 20.000 
321.000 20.000 
322.000 20.000 
323.000 20.000 
324.000 20.000 
325.000 20.000 
326.000 20.000 
327.000 20.000 
328.000 20.000 
329.000 20.000 
330.000 20.000 
331.000 20.000 
332.000 20.000 
333.000 20.000 
334.000 20.000 
335.000 20.000 
336.000 20.000 
337.000 20.000 
338.000 20.000 
339.000 20.000 
340.000 20.000 
341.000 20.000 
342.000 20.000 
343.000 20.000 
344.000 20.000 
345.000 20.000 
346.000 20.000 
347.000 20.000 
348.000 20.000 
349.000 20.000 
350.000 20.000 
351.000 20.000 
352.000 20.000 
353.000 20.000 
354.000 20.000 
355.000 20.000 
356.000 20.000 
357.000 20.000 
358.000 20.000 
359.000 20.000 
360.000 20.000 
361.000 20.000 
362.000 20.000 
363.000 20.000 
364.000 20.000 
365.000 20.000 
366.000 20.000 
367.000 20.000 
368.000 20.000 
369.000 20.000 
370.000 20.000 
371.000 20.000 
372.000 20.000 
373.000 20.000 
374.000 20.000 
375.000 20.000 
376.000 20.000 
377.000 20.000 
378.000 20.000 
379.000 20.000 
380.000 20.000 
381.000 20.000 
382.000 20.000 
383.000 20.000 
384.000 20.000 
385.000 20.000 
386.000 20.000 
387.000 20.000 
388.000 20.000 
389.000 20.000 
390.000 20.000 
391.000 20.000 
392.000 20.000 
393.000 20.000 
394.000 20.000 
395.000 20.000 
396.000 20.000 
397.000 20.000 
398.000 20.000 
399.000 20.000 
400.000 20.000 
401.000 20.000 
402.000 20.000 
403.000 20.000 
404.000 20.000 
405.000 20.000 
406.000 20.000 
407.000 20.000 
408.000 20.000 
409.000 20.000 
410.000 20.000 
411.000 20.000 
412.000 20.000 
413.000 20.000 
414.000 20.000 
415.000 20.000 
416.000 20.000 
417.000 20.000 
418.000 20.000 
419.000 20.000 
420.000 20.000 
421.000 20.000 
422.000 20.000 
423.000 20.000 
424.000 20.000 
425.000 20.000 
426.000 20.000 
427.000 20.000 
428.000 20.000 
429.000 20.000 
430.000 20.000 
431.000 20.000 
432.000 20.000 
433.000 20.000 
434.000 20.000 
435.000 20.000 
436.000 20.000 
437.000 20.000 
438.000 20.000 
439.000 20.000 
440.000 20.000 
441.000 20.000 
442.000 20.000 
443.000 20.000 
444.000 20.000 
445.000 20.000 
446.000 20.000 
447.000 20.000 
448.000 20.000 
449.000 20.000 
450.000 20.000 
451.000 20.000 
452.000 20.000 
453.000 20.000 
454.000 20.000 
455.000 20.000 
456.000 20.000 
457.000 20.000 
458.000 20.000 
459.000 20.000 
460.000 20.000 
461.000 20.000 
462.000 20.000 
463.000 20.000 
464.000 20.000 
465.000 20.000 
466.000 20.000 
467.000 20.000 
468.000 20.000 
469.000 20.000 
470.000 20.000 
471.000 20.000 
472.000 20.000 
473.000 20.000 
474.000 20.000 
475.000 20.000 
476.000 20.000 
477.000 20.000 
478.000 20.000 
479.000 20.000 
480.000 20.000 
481.000 20.000 
482.000 20.000 
483.000 20.000 
484.000 20.000 
485.000 20.000 
486.000 20.000 
487.000 20.000 
488.000 20.000 
489.000 20.000 
490.000 20.000 
491.000 20.000 
492.000 20.000 
493.000 20.000 
494.000 20.000 
495.000 20.000 
496.000 20.000 
497.000 20.000 
498.000 20.000 
499.000 20.000 
500.000 20.000 
501.000 20.000 
