1.000 60.000 
2.000 60.000 
3.000 60.000 
4.000 60.000 
5.000 60.000 
6.000 60.000 
7.000 60.000 
8.000 60.000 
9.000 60.000 
10.000 60.000 
11.000 60.000 
12.000 60.000 
13.000 60.000 
14.000 60.000 
15.000 60.000 
16.000 60.000 
17.000 60.000 
18.000 60.000 
19.000 60.000 
20.000 60.000 
21.000 60.000 
22.000 60.000 
23.000 60.000 
24.000 60.000 
25.000 60.000 
26.000 60.000 
27.000 60.000 
28.000 60.000 
29.000 60.000 
30.000 60.000 
31.000 60.000 
32.000 60.000 
33.000 60.000 
34.000 60.000 
35.000 60.000 
36.000 60.000 
37.000 60.000 
38.000 60.000 
39.000 60.000 
40.000 60.000 
41.000 60.000 
42.000 60.000 
43.000 60.000 
44.000 60.000 
45.000 60.000 
46.000 60.000 
47.000 60.000 
48.000 60.000 
49.000 60.000 
50.000 60.000 
51.000 60.000 
52.000 60.000 
53.000 60.000 
54.000 60.000 
55.000 60.000 
56.000 60.000 
57.000 60.000 
58.000 60.000 
59.000 60.000 
60.000 60.000 
61.000 60.000 
62.000 60.000 
63.000 60.000 
64.000 60.000 
65.000 60.000 
66.000 60.000 
67.000 60.000 
68.000 60.000 
69.000 60.000 
70.000 60.000 
71.000 60.000 
72.000 60.000 
73.000 60.000 
74.000 60.000 
75.000 60.000 
76.000 60.000 
77.000 60.000 
78.000 60.000 
79.000 60.000 
80.000 60.000 
81.000 60.000 
82.000 60.000 
83.000 60.000 
84.000 60.000 
85.000 60.000 
86.000 60.000 
87.000 60.000 
88.000 60.000 
89.000 60.000 
90.000 60.000 
91.000 60.000 
92.000 60.000 
93.000 60.000 
94.000 60.000 
95.000 60.000 
96.000 60.000 
97.000 60.000 
98.000 60.000 
99.000 60.000 
100.000 60.000 
101.000 60.000 
102.000 60.000 
103.000 60.000 
104.000 60.000 
105.000 60.000 
106.000 60.000 
107.000 60.000 
108.000 60.000 
109.000 60.000 
110.000 60.000 
111.000 60.000 
112.000 60.000 
113.000 60.000 
114.000 60.000 
115.000 60.000 
116.000 60.000 
117.000 60.000 
118.000 60.000 
119.000 60.000 
120.000 60.000 
121.000 60.000 
122.000 60.000 
123.000 60.000 
124.000 60.000 
125.000 60.000 
126.000 60.000 
127.000 60.000 
128.000 60.000 
129.000 60.000 
130.000 60.000 
131.000 60.000 
132.000 60.000 
133.000 60.000 
134.000 60.000 
135.000 60.000 
136.000 60.000 
137.000 60.000 
138.000 60.000 
139.000 60.000 
140.000 60.000 
141.000 60.000 
142.000 60.000 
143.000 60.000 
144.000 60.000 
145.000 60.000 
146.000 60.000 
147.000 60.000 
148.000 60.000 
149.000 60.000 
150.000 60.000 
151.000 60.000 
152.000 60.000 
153.000 60.000 
154.000 60.000 
155.000 60.000 
156.000 60.000 
157.000 60.000 
158.000 60.000 
159.000 60.000 
160.000 60.000 
161.000 60.000 
162.000 60.000 
163.000 60.000 
164.000 60.000 
165.000 60.000 
166.000 60.000 
167.000 60.000 
168.000 60.000 
169.000 60.000 
170.000 60.000 
171.000 60.000 
172.000 60.000 
173.000 60.000 
174.000 60.000 
175.000 60.000 
176.000 60.000 
177.000 60.000 
178.000 60.000 
179.000 60.000 
180.000 60.000 
181.000 60.000 
182.000 60.000 
183.000 60.000 
184.000 60.000 
185.000 60.000 
186.000 60.000 
187.000 60.000 
188.000 60.000 
189.000 60.000 
190.000 60.000 
191.000 60.000 
192.000 60.000 
193.000 60.000 
194.000 60.000 
195.000 60.000 
196.000 60.000 
197.000 60.000 
198.000 60.000 
199.000 60.000 
200.000 60.000 
201.000 60.000 
202.000 60.000 
203.000 60.000 
204.000 60.000 
205.000 60.000 
206.000 60.000 
207.000 60.000 
208.000 60.000 
209.000 60.000 
210.000 60.000 
211.000 60.000 
212.000 60.000 
213.000 60.000 
214.000 60.000 
215.000 60.000 
216.000 60.000 
217.000 60.000 
218.000 60.000 
219.000 60.000 
220.000 60.000 
221.000 60.000 
222.000 60.000 
223.000 60.000 
224.000 60.000 
225.000 60.000 
226.000 60.000 
227.000 60.000 
228.000 60.000 
229.000 60.000 
230.000 60.000 
231.000 60.000 
232.000 60.000 
233.000 60.000 
234.000 60.000 
235.000 60.000 
236.000 60.000 
237.000 60.000 
238.000 60.000 
239.000 60.000 
240.000 60.000 
241.000 60.000 
242.000 60.000 
243.000 60.000 
244.000 60.000 
245.000 60.000 
246.000 60.000 
247.000 60.000 
248.000 60.000 
249.000 60.000 
250.000 60.000 
251.000 60.000 
252.000 60.000 
253.000 60.000 
254.000 60.000 
255.000 60.000 
256.000 60.000 
257.000 60.000 
258.000 60.000 
259.000 60.000 
260.000 60.000 
261.000 60.000 
262.000 60.000 
263.000 60.000 
264.000 60.000 
265.000 60.000 
266.000 60.000 
267.000 60.000 
268.000 60.000 
269.000 60.000 
270.000 60.000 
271.000 60.000 
272.000 60.000 
273.000 60.000 
274.000 60.000 
275.000 60.000 
276.000 60.000 
277.000 60.000 
278.000 60.000 
279.000 60.000 
280.000 60.000 
281.000 60.000 
282.000 60.000 
283.000 60.000 
284.000 60.000 
285.000 60.000 
286.000 60.000 
287.000 60.000 
288.000 60.000 
289.000 60.000 
290.000 60.000 
291.000 60.000 
292.000 60.000 
293.000 60.000 
294.000 60.000 
295.000 60.000 
296.000 60.000 
297.000 60.000 
298.000 60.000 
299.000 60.000 
300.000 60.000 
301.000 60.000 
302.000 60.000 
303.000 60.000 
304.000 60.000 
305.000 60.000 
306.000 60.000 
307.000 60.000 
308.000 60.000 
309.000 60.000 
310.000 60.000 
311.000 60.000 
312.000 60.000 
313.000 60.000 
314.000 60.000 
315.000 60.000 
316.000 60.000 
317.000 60.000 
318.000 60.000 
319.000 60.000 
320.000 60.000 
321.000 60.000 
322.000 60.000 
323.000 60.000 
324.000 60.000 
325.000 60.000 
326.000 60.000 
327.000 60.000 
328.000 60.000 
329.000 60.000 
330.000 60.000 
331.000 60.000 
332.000 60.000 
333.000 60.000 
334.000 60.000 
335.000 60.000 
336.000 60.000 
337.000 60.000 
338.000 60.000 
339.000 60.000 
340.000 60.000 
341.000 60.000 
342.000 60.000 
343.000 60.000 
344.000 60.000 
345.000 60.000 
346.000 60.000 
347.000 60.000 
348.000 60.000 
349.000 60.000 
350.000 60.000 
351.000 60.000 
352.000 60.000 
353.000 60.000 
354.000 60.000 
355.000 60.000 
356.000 60.000 
357.000 60.000 
358.000 60.000 
359.000 60.000 
360.000 60.000 
361.000 60.000 
362.000 60.000 
363.000 60.000 
364.000 60.000 
365.000 60.000 
366.000 60.000 
367.000 60.000 
368.000 60.000 
369.000 60.000 
370.000 60.000 
371.000 60.000 
372.000 60.000 
373.000 60.000 
374.000 60.000 
375.000 60.000 
376.000 60.000 
377.000 60.000 
378.000 60.000 
379.000 60.000 
380.000 60.000 
381.000 60.000 
382.000 60.000 
383.000 60.000 
384.000 60.000 
385.000 60.000 
386.000 60.000 
387.000 60.000 
388.000 60.000 
389.000 60.000 
390.000 60.000 
391.000 60.000 
392.000 60.000 
393.000 60.000 
394.000 60.000 
395.000 60.000 
396.000 60.000 
397.000 60.000 
398.000 60.000 
399.000 60.000 
400.000 60.000 
401.000 60.000 
402.000 60.000 
403.000 60.000 
404.000 60.000 
405.000 60.000 
406.000 60.000 
407.000 60.000 
408.000 60.000 
409.000 60.000 
410.000 60.000 
411.000 60.000 
412.000 60.000 
413.000 60.000 
414.000 60.000 
415.000 60.000 
416.000 60.000 
417.000 60.000 
418.000 60.000 
419.000 60.000 
420.000 60.000 
421.000 60.000 
422.000 60.000 
423.000 60.000 
424.000 60.000 
425.000 60.000 
426.000 60.000 
427.000 60.000 
428.000 60.000 
429.000 60.000 
430.000 60.000 
431.000 60.000 
432.000 60.000 
433.000 60.000 
434.000 60.000 
435.000 60.000 
436.000 60.000 
437.000 60.000 
438.000 60.000 
439.000 60.000 
440.000 60.000 
441.000 60.000 
442.000 60.000 
443.000 60.000 
444.000 60.000 
445.000 60.000 
446.000 60.000 
447.000 60.000 
448.000 60.000 
449.000 60.000 
450.000 60.000 
451.000 60.000 
452.000 60.000 
453.000 60.000 
454.000 60.000 
455.000 60.000 
456.000 60.000 
457.000 60.000 
458.000 60.000 
459.000 60.000 
460.000 60.000 
461.000 60.000 
462.000 60.000 
463.000 60.000 
464.000 60.000 
465.000 60.000 
466.000 60.000 
467.000 60.000 
468.000 60.000 
469.000 60.000 
470.000 60.000 
471.000 60.000 
472.000 60.000 
473.000 60.000 
474.000 60.000 
475.000 60.000 
476.000 60.000 
477.000 60.000 
478.000 60.000 
479.000 60.000 
480.000 60.000 
481.000 60.000 
482.000 60.000 
483.000 60.000 
484.000 60.000 
485.000 60.000 
486.000 60.000 
487.000 60.000 
488.000 60.000 
489.000 60.000 
490.000 60.000 
491.000 60.000 
492.000 60.000 
493.000 60.000 
494.000 60.000 
495.000 60.000 
496.000 60.000 
497.000 60.000 
498.000 60.000 
499.000 60.000 
500.000 60.000 
501.000 60.000 
502.000 60.000 
503.000 60.000 
504.000 60.000 
505.000 60.000 
506.000 60.000 
507.000 60.000 
508.000 60.000 
509.000 60.000 
510.000 60.000 
511.000 60.000 
512.000 60.000 
513.000 60.000 
514.000 60.000 
515.000 60.000 
516.000 60.000 
517.000 60.000 
518.000 60.000 
519.000 60.000 
520.000 60.000 
521.000 60.000 
522.000 60.000 
523.000 60.000 
524.000 60.000 
525.000 60.000 
526.000 60.000 
527.000 60.000 
528.000 60.000 
529.000 60.000 
530.000 60.000 
531.000 60.000 
532.000 60.000 
533.000 60.000 
534.000 60.000 
535.000 60.000 
536.000 60.000 
537.000 60.000 
538.000 60.000 
539.000 60.000 
540.000 60.000 
541.000 60.000 
542.000 60.000 
543.000 60.000 
544.000 60.000 
545.000 60.000 
546.000 60.000 
547.000 60.000 
548.000 60.000 
549.000 60.000 
550.000 60.000 
551.000 60.000 
552.000 60.000 
553.000 60.000 
554.000 60.000 
555.000 60.000 
556.000 60.000 
557.000 60.000 
558.000 60.000 
559.000 60.000 
560.000 60.000 
561.000 60.000 
562.000 60.000 
563.000 60.000 
564.000 60.000 
565.000 60.000 
566.000 60.000 
567.000 60.000 
568.000 60.000 
569.000 60.000 
570.000 60.000 
571.000 60.000 
572.000 60.000 
573.000 60.000 
574.000 60.000 
575.000 60.000 
576.000 60.000 
577.000 60.000 
578.000 60.000 
579.000 60.000 
580.000 60.000 
581.000 60.000 
582.000 60.000 
583.000 60.000 
584.000 60.000 
585.000 60.000 
586.000 60.000 
587.000 60.000 
588.000 60.000 
589.000 60.000 
590.000 60.000 
591.000 60.000 
592.000 60.000 
593.000 60.000 
594.000 60.000 
595.000 60.000 
596.000 60.000 
597.000 60.000 
598.000 60.000 
599.000 60.000 
600.000 60.000 
601.000 60.000 
602.000 60.000 
603.000 60.000 
604.000 60.000 
605.000 60.000 
606.000 60.000 
607.000 60.000 
608.000 60.000 
609.000 60.000 
610.000 60.000 
611.000 60.000 
612.000 60.000 
613.000 60.000 
614.000 60.000 
615.000 60.000 
616.000 60.000 
617.000 60.000 
618.000 60.000 
619.000 60.000 
620.000 60.000 
621.000 60.000 
622.000 60.000 
