1.000 28.000 
2.000 34.750 
3.000 41.053 
4.000 46.880 
5.000 52.293 
6.000 57.308 
7.000 61.939 
8.000 66.203 
9.000 70.113 
10.000 73.688 
11.000 76.946 
12.000 79.857 
13.000 82.496 
14.000 84.885 
15.000 86.999 
16.000 88.863 
17.000 90.499 
18.000 91.922 
19.000 93.115 
20.000 94.145 
21.000 94.978 
22.000 95.643 
23.000 96.194 
24.000 96.566 
25.000 96.812 
26.000 96.957 
27.000 96.961 
28.000 96.839 
29.000 96.606 
30.000 96.281 
31.000 95.869 
32.000 95.379 
33.000 94.778 
34.000 94.120 
35.000 93.421 
36.000 92.635 
37.000 91.771 
38.000 90.837 
39.000 89.884 
40.000 88.872 
41.000 87.806 
42.000 86.736 
43.000 85.620 
44.000 84.507 
45.000 83.403 
46.000 82.303 
47.000 81.162 
48.000 80.026 
49.000 78.853 
50.000 77.643 
51.000 76.444 
52.000 75.261 
53.000 74.041 
54.000 72.831 
55.000 71.629 
56.000 70.433 
57.000 69.250 
58.000 68.115 
59.000 66.979 
60.000 65.849 
61.000 64.758 
62.000 63.712 
63.000 62.697 
64.000 61.718 
65.000 60.763 
66.000 59.836 
67.000 58.971 
68.000 58.124 
69.000 57.284 
70.000 56.502 
71.000 55.726 
72.000 54.992 
73.000 54.303 
74.000 53.608 
75.000 52.943 
76.000 52.312 
77.000 51.711 
78.000 51.181 
79.000 50.670 
80.000 50.219 
81.000 49.772 
82.000 49.378 
83.000 49.031 
84.000 48.682 
85.000 48.375 
86.000 48.105 
87.000 47.867 
88.000 47.658 
89.000 47.430 
90.000 47.271 
91.000 47.088 
92.000 46.969 
93.000 46.863 
94.000 46.770 
95.000 46.686 
96.000 46.611 
97.000 46.586 
98.000 46.565 
99.000 46.596 
100.000 46.624 
101.000 46.692 
102.000 46.797 
103.000 46.892 
104.000 47.021 
105.000 47.188 
106.000 47.382 
107.000 47.601 
108.000 47.798 
109.000 48.019 
110.000 48.268 
111.000 48.536 
112.000 48.821 
113.000 49.078 
114.000 49.351 
115.000 49.596 
116.000 49.865 
117.000 50.105 
118.000 50.363 
119.000 50.636 
120.000 50.881 
121.000 51.142 
122.000 51.427 
123.000 51.681 
124.000 51.953 
125.000 52.196 
126.000 52.456 
127.000 52.690 
128.000 52.941 
129.000 53.167 
130.000 53.368 
131.000 53.598 
132.000 53.804 
133.000 54.033 
134.000 54.238 
135.000 54.422 
136.000 54.630 
137.000 54.818 
138.000 55.030 
139.000 55.223 
140.000 55.448 
141.000 55.653 
142.000 55.883 
143.000 56.092 
144.000 56.283 
145.000 56.500 
146.000 56.655 
147.000 56.795 
148.000 56.921 
149.000 57.036 
150.000 57.140 
151.000 57.190 
152.000 57.235 
153.000 57.319 
154.000 57.396 
155.000 57.467 
156.000 57.577 
157.000 57.681 
158.000 57.777 
159.000 57.867 
160.000 57.953 
161.000 58.033 
162.000 58.109 
163.000 58.181 
164.000 58.205 
165.000 58.229 
166.000 58.253 
167.000 58.278 
168.000 58.258 
169.000 58.243 
170.000 58.231 
171.000 58.171 
172.000 58.119 
173.000 58.029 
174.000 57.949 
175.000 57.878 
176.000 57.817 
177.000 57.764 
178.000 57.675 
179.000 57.598 
180.000 57.530 
181.000 57.429 
182.000 57.339 
183.000 57.260 
184.000 57.193 
185.000 57.083 
186.000 56.987 
187.000 56.858 
188.000 56.743 
189.000 56.642 
190.000 56.508 
191.000 56.390 
192.000 56.284 
193.000 56.192 
194.000 56.111 
195.000 56.041 
196.000 55.937 
197.000 55.845 
198.000 55.764 
199.000 55.693 
200.000 55.632 
201.000 55.580 
202.000 55.536 
203.000 55.447 
204.000 55.368 
205.000 55.298 
206.000 55.237 
207.000 55.139 
208.000 55.051 
209.000 54.972 
210.000 54.857 
211.000 54.753 
212.000 54.660 
213.000 54.575 
214.000 54.499 
215.000 54.432 
216.000 54.371 
217.000 54.318 
218.000 54.271 
219.000 54.229 
220.000 54.192 
221.000 54.160 
222.000 54.132 
223.000 54.108 
224.000 54.086 
225.000 54.068 
226.000 54.052 
227.000 54.082 
228.000 54.111 
229.000 54.139 
230.000 54.165 
231.000 54.189 
232.000 54.212 
233.000 54.233 
234.000 54.252 
235.000 54.314 
236.000 54.327 
237.000 54.337 
238.000 54.347 
239.000 54.354 
240.000 54.405 
241.000 54.407 
242.000 54.452 
243.000 54.449 
244.000 54.489 
245.000 54.526 
246.000 54.559 
247.000 54.589 
248.000 54.616 
249.000 54.639 
250.000 54.661 
251.000 54.679 
252.000 54.696 
253.000 54.710 
254.000 54.722 
255.000 54.733 
256.000 54.742 
257.000 54.749 
258.000 54.711 
259.000 54.675 
260.000 54.640 
261.000 54.607 
262.000 54.577 
263.000 54.503 
264.000 54.435 
265.000 54.371 
266.000 54.312 
267.000 54.257 
268.000 54.162 
269.000 54.074 
270.000 53.993 
271.000 53.918 
272.000 53.849 
273.000 53.786 
274.000 53.728 
275.000 53.676 
276.000 53.628 
277.000 53.584 
278.000 53.544 
279.000 53.508 
280.000 53.475 
281.000 53.445 
282.000 53.418 
283.000 53.393 
284.000 53.370 
285.000 53.349 
286.000 53.375 
287.000 53.398 
288.000 53.464 
289.000 53.526 
290.000 53.583 
291.000 53.636 
292.000 53.684 
293.000 53.727 
294.000 53.767 
295.000 53.846 
296.000 53.919 
297.000 53.985 
298.000 54.045 
299.000 54.099 
300.000 54.147 
301.000 50.493 
302.000 47.080 
303.000 43.898 
304.000 40.940 
305.000 38.198 
306.000 35.664 
307.000 33.329 
308.000 31.187 
309.000 29.227 
310.000 27.395 
311.000 25.727 
312.000 24.256 
313.000 22.924 
314.000 21.718 
315.000 20.680 
316.000 19.744 
317.000 18.943 
318.000 18.221 
319.000 17.657 
320.000 17.200 
321.000 16.832 
322.000 16.542 
323.000 16.322 
324.000 16.214 
325.000 16.156 
326.000 16.194 
327.000 16.264 
328.000 16.407 
329.000 16.622 
330.000 16.849 
331.000 17.138 
332.000 17.473 
333.000 17.857 
334.000 18.277 
335.000 18.685 
336.000 19.132 
337.000 19.605 
338.000 20.110 
339.000 20.635 
340.000 21.187 
341.000 21.754 
342.000 22.342 
343.000 22.942 
344.000 23.561 
345.000 24.189 
346.000 24.832 
347.000 25.482 
348.000 26.102 
349.000 26.731 
350.000 27.375 
351.000 28.026 
352.000 28.692 
353.000 29.364 
354.000 29.999 
355.000 30.650 
356.000 31.311 
357.000 31.987 
358.000 32.628 
359.000 33.287 
360.000 33.913 
361.000 34.553 
362.000 35.169 
363.000 35.757 
364.000 36.364 
365.000 36.952 
366.000 37.515 
367.000 38.058 
368.000 38.581 
369.000 39.095 
370.000 39.594 
371.000 40.079 
372.000 40.509 
373.000 40.932 
374.000 41.358 
375.000 41.735 
376.000 42.112 
377.000 42.447 
378.000 42.786 
379.000 43.087 
380.000 43.353 
381.000 43.633 
382.000 43.881 
383.000 44.100 
384.000 44.295 
385.000 44.467 
386.000 44.619 
387.000 44.753 
388.000 44.872 
389.000 44.977 
390.000 45.025 
391.000 45.067 
392.000 45.102 
393.000 45.089 
394.000 45.075 
395.000 45.061 
396.000 45.048 
397.000 44.993 
398.000 44.942 
399.000 44.846 
400.000 44.758 
401.000 44.635 
402.000 44.480 
403.000 44.339 
404.000 44.168 
405.000 44.014 
406.000 43.824 
407.000 43.608 
408.000 43.414 
409.000 43.239 
410.000 43.038 
411.000 42.858 
412.000 42.653 
413.000 42.470 
414.000 42.255 
415.000 42.061 
416.000 41.845 
417.000 41.606 
418.000 41.390 
419.000 41.197 
420.000 40.980 
421.000 40.785 
422.000 40.559 
423.000 40.355 
424.000 40.172 
425.000 40.008 
426.000 39.818 
427.000 39.647 
428.000 39.494 
429.000 39.312 
430.000 39.149 
431.000 39.002 
432.000 38.870 
433.000 38.752 
434.000 38.602 
435.000 38.467 
436.000 38.344 
437.000 38.233 
438.000 38.133 
439.000 38.043 
440.000 37.962 
441.000 37.888 
442.000 37.822 
443.000 37.762 
444.000 37.707 
445.000 37.658 
446.000 37.612 
447.000 37.570 
448.000 37.531 
449.000 37.495 
450.000 37.461 
451.000 37.429 
452.000 37.398 
453.000 37.368 
454.000 37.339 
455.000 37.311 
456.000 37.284 
457.000 37.301 
458.000 37.316 
459.000 37.327 
460.000 37.336 
461.000 37.343 
462.000 37.390 
463.000 37.433 
464.000 37.470 
465.000 37.501 
466.000 37.572 
467.000 37.636 
468.000 37.692 
469.000 37.741 
470.000 37.783 
471.000 37.819 
472.000 37.900 
473.000 37.973 
474.000 38.037 
475.000 38.093 
476.000 38.186 
477.000 38.270 
478.000 38.344 
479.000 38.409 
480.000 38.466 
481.000 38.560 
482.000 38.643 
483.000 38.718 
484.000 38.783 
485.000 38.841 
486.000 38.891 
487.000 38.935 
488.000 38.972 
489.000 39.003 
490.000 39.029 
491.000 39.050 
492.000 39.067 
493.000 39.081 
494.000 39.091 
495.000 39.142 
496.000 39.188 
497.000 39.229 
498.000 39.265 
499.000 39.297 
500.000 39.325 
501.000 39.350 
502.000 39.371 
503.000 39.389 
504.000 39.404 
505.000 39.417 
506.000 39.480 
507.000 39.537 
508.000 39.589 
509.000 39.637 
510.000 39.680 
511.000 39.719 
512.000 39.754 
513.000 39.786 
514.000 39.814 
515.000 39.840 
516.000 39.862 
517.000 39.927 
518.000 39.986 
519.000 40.040 
520.000 40.090 
521.000 40.136 
522.000 40.177 
523.000 40.215 
524.000 40.250 
525.000 40.281 
526.000 40.310 
527.000 40.336 
528.000 40.359 
529.000 40.380 
530.000 40.400 
531.000 40.418 
532.000 40.434 
533.000 40.449 
534.000 40.462 
535.000 40.475 
536.000 40.487 
537.000 40.498 
538.000 40.509 
539.000 40.519 
540.000 40.528 
541.000 40.537 
542.000 40.546 
543.000 40.511 
544.000 40.478 
545.000 40.448 
546.000 40.421 
547.000 40.396 
548.000 40.373 
549.000 40.302 
550.000 40.236 
551.000 40.176 
552.000 40.121 
553.000 40.071 
554.000 39.982 
555.000 39.900 
556.000 39.825 
557.000 39.758 
558.000 39.696 
559.000 39.641 
560.000 39.591 
561.000 39.547 
562.000 39.508 
563.000 39.473 
564.000 39.442 
565.000 39.415 
566.000 39.391 
567.000 39.371 
568.000 39.353 
569.000 39.293 
570.000 39.238 
571.000 39.188 
572.000 39.142 
573.000 39.145 
574.000 39.104 
575.000 39.067 
576.000 39.033 
577.000 39.002 
578.000 38.974 
579.000 38.948 
580.000 38.925 
581.000 38.903 
582.000 38.884 
583.000 38.866 
584.000 38.850 
585.000 38.835 
586.000 38.821 
587.000 38.853 
588.000 38.883 
589.000 38.910 
590.000 38.936 
591.000 38.915 
592.000 38.895 
593.000 38.875 
594.000 38.856 
595.000 38.839 
596.000 38.821 
597.000 38.804 
598.000 38.788 
599.000 38.817 
600.000 38.844 
601.000 38.868 
602.000 38.890 
603.000 38.954 
604.000 39.014 
605.000 39.024 
606.000 39.032 
607.000 39.039 
608.000 39.044 
609.000 39.003 
610.000 38.964 
611.000 38.927 
612.000 38.935 
613.000 38.943 
614.000 38.949 
615.000 38.954 
616.000 38.959 
617.000 38.918 
618.000 38.879 
619.000 38.842 
620.000 38.808 
621.000 38.775 
622.000 38.744 
623.000 38.716 
624.000 38.689 
625.000 38.663 
626.000 38.640 
627.000 38.618 
628.000 38.641 
629.000 38.664 
630.000 38.684 
631.000 38.703 
632.000 38.721 
633.000 38.737 
634.000 38.751 
635.000 38.764 
636.000 38.775 
637.000 38.829 
638.000 38.835 
639.000 38.839 
640.000 38.842 
641.000 38.844 
642.000 38.889 
643.000 38.886 
644.000 38.927 
645.000 38.964 
646.000 38.998 
647.000 39.028 
648.000 39.056 
649.000 39.081 
650.000 39.103 
651.000 28.000 
652.000 28.000 
653.000 28.000 
654.000 28.000 
655.000 28.000 
656.000 28.000 
657.000 28.000 
658.000 28.000 
659.000 28.000 
660.000 28.000 
661.000 28.000 
662.000 28.000 
663.000 28.000 
664.000 28.000 
665.000 28.000 
666.000 28.000 
667.000 28.000 
668.000 28.000 
669.000 28.000 
670.000 28.000 
671.000 28.000 
672.000 28.000 
673.000 28.000 
674.000 28.000 
675.000 28.000 
676.000 28.000 
677.000 28.000 
678.000 28.000 
679.000 28.000 
680.000 28.000 
681.000 28.000 
682.000 28.000 
683.000 28.000 
684.000 28.000 
685.000 28.000 
686.000 28.000 
687.000 28.000 
688.000 28.000 
689.000 28.000 
690.000 28.000 
691.000 28.000 
692.000 28.000 
693.000 28.000 
694.000 28.000 
695.000 28.000 
696.000 28.000 
697.000 28.000 
698.000 28.000 
699.000 28.000 
700.000 28.000 
