1.000 28.000 
2.000 63.419 
3.000 92.861 
4.000 100.000 
5.000 100.000 
6.000 100.000 
7.000 100.000 
8.000 100.000 
9.000 100.000 
10.000 100.000 
11.000 100.000 
12.000 100.000 
13.000 100.000 
14.000 100.000 
15.000 100.000 
16.000 100.000 
17.000 100.000 
18.000 100.000 
19.000 100.000 
20.000 100.000 
21.000 100.000 
22.000 100.000 
23.000 100.000 
24.000 100.000 
25.000 100.000 
26.000 100.000 
27.000 100.000 
28.000 100.000 
29.000 100.000 
30.000 100.000 
31.000 100.000 
32.000 100.000 
33.000 100.000 
34.000 100.000 
35.000 100.000 
36.000 100.000 
37.000 100.000 
38.000 100.000 
39.000 100.000 
40.000 100.000 
41.000 100.000 
42.000 100.000 
43.000 100.000 
44.000 100.000 
45.000 100.000 
46.000 100.000 
47.000 100.000 
48.000 100.000 
49.000 100.000 
50.000 100.000 
51.000 100.000 
52.000 100.000 
53.000 100.000 
54.000 100.000 
55.000 100.000 
56.000 100.000 
57.000 100.000 
58.000 100.000 
59.000 100.000 
60.000 100.000 
61.000 91.691 
62.000 73.894 
63.000 59.053 
64.000 46.382 
65.000 36.184 
66.000 27.967 
67.000 21.564 
68.000 16.732 
69.000 13.480 
70.000 11.322 
71.000 10.212 
72.000 10.164 
73.000 10.608 
74.000 11.617 
75.000 12.967 
76.000 14.469 
77.000 16.211 
78.000 18.035 
79.000 19.817 
80.000 21.463 
81.000 23.389 
82.000 25.232 
83.000 26.979 
84.000 28.786 
85.000 30.357 
86.000 31.969 
87.000 33.544 
88.000 35.341 
89.000 37.061 
90.000 38.659 
91.000 40.420 
92.000 42.025 
93.000 43.772 
94.000 45.630 
95.000 47.295 
96.000 49.073 
97.000 50.706 
98.000 52.413 
99.000 53.986 
100.000 55.408 
101.000 56.747 
102.000 57.985 
103.000 59.187 
104.000 60.330 
105.000 61.473 
106.000 62.351 
107.000 63.298 
108.000 64.040 
109.000 64.625 
110.000 65.094 
111.000 65.525 
112.000 65.902 
113.000 66.252 
114.000 66.597 
115.000 66.715 
116.000 66.940 
117.000 66.992 
118.000 67.153 
119.000 67.181 
120.000 67.352 
121.000 67.414 
122.000 67.396 
123.000 67.322 
124.000 67.211 
125.000 67.081 
126.000 66.943 
127.000 66.808 
128.000 66.443 
129.000 66.135 
130.000 65.884 
131.000 65.448 
132.000 64.826 
133.000 64.335 
134.000 63.726 
135.000 63.024 
136.000 62.255 
137.000 61.677 
138.000 60.988 
139.000 60.251 
140.000 59.482 
141.000 58.691 
142.000 57.848 
143.000 57.244 
144.000 56.845 
145.000 56.377 
146.000 55.849 
147.000 55.509 
148.000 55.084 
149.000 54.543 
150.000 54.180 
151.000 53.723 
152.000 53.422 
153.000 53.248 
154.000 53.174 
155.000 52.938 
156.000 52.797 
157.000 52.732 
158.000 52.722 
159.000 52.751 
160.000 52.806 
161.000 52.874 
162.000 52.946 
163.000 53.015 
164.000 53.075 
165.000 53.361 
166.000 53.591 
167.000 53.767 
168.000 53.893 
169.000 53.972 
170.000 54.249 
171.000 54.448 
172.000 54.577 
173.000 54.926 
174.000 55.176 
175.000 55.340 
176.000 55.670 
177.000 55.898 
178.000 56.037 
179.000 56.103 
180.000 56.107 
181.000 56.061 
182.000 56.216 
183.000 56.302 
184.000 56.332 
185.000 56.317 
186.000 56.267 
187.000 56.192 
188.000 56.100 
189.000 55.995 
190.000 55.884 
191.000 55.771 
192.000 55.660 
193.000 55.554 
194.000 55.454 
195.000 55.362 
196.000 55.279 
197.000 55.204 
198.000 55.138 
199.000 55.080 
200.000 55.028 
201.000 54.983 
202.000 54.943 
203.000 54.907 
204.000 54.874 
205.000 54.843 
206.000 54.814 
207.000 54.785 
208.000 54.756 
209.000 54.727 
210.000 54.697 
211.000 54.667 
212.000 54.874 
213.000 55.040 
214.000 55.168 
215.000 55.262 
216.000 55.605 
217.000 55.873 
218.000 56.075 
219.000 56.217 
220.000 56.307 
221.000 56.353 
222.000 56.361 
223.000 56.338 
224.000 56.291 
225.000 56.226 
226.000 56.149 
227.000 56.064 
228.000 55.977 
229.000 55.611 
230.000 55.295 
231.000 55.028 
232.000 54.806 
233.000 54.626 
234.000 54.484 
235.000 54.377 
236.000 54.300 
237.000 54.528 
238.000 54.731 
239.000 54.908 
240.000 55.058 
241.000 54.902 
242.000 54.768 
243.000 54.652 
244.000 54.550 
245.000 54.461 
246.000 54.382 
247.000 54.594 
248.000 54.489 
249.000 54.397 
250.000 54.317 
251.000 54.248 
252.000 54.188 
253.000 54.137 
254.000 54.091 
255.000 54.051 
256.000 54.017 
257.000 53.986 
258.000 53.958 
259.000 53.933 
260.000 53.910 
261.000 53.887 
262.000 54.144 
263.000 54.354 
264.000 54.520 
265.000 54.647 
266.000 54.738 
267.000 54.798 
268.000 54.830 
269.000 54.837 
270.000 54.824 
271.000 54.794 
272.000 54.752 
273.000 54.700 
274.000 54.643 
275.000 54.582 
276.000 54.521 
277.000 54.700 
278.000 54.842 
279.000 54.950 
280.000 55.269 
281.000 55.522 
282.000 55.717 
283.000 55.860 
284.000 55.957 
285.000 56.015 
286.000 56.039 
287.000 56.035 
288.000 56.009 
289.000 55.967 
290.000 55.913 
291.000 55.853 
292.000 55.789 
293.000 55.725 
294.000 55.664 
295.000 55.607 
296.000 55.556 
297.000 55.512 
298.000 55.473 
299.000 55.442 
300.000 55.177 
301.000 35.015 
302.000 18.260 
303.000 4.601 
304.000 0.000 
305.000 0.000 
306.000 0.000 
307.000 0.000 
308.000 0.000 
309.000 0.000 
310.000 0.000 
311.000 0.000 
312.000 0.000 
313.000 0.000 
314.000 0.000 
315.000 0.000 
316.000 0.000 
317.000 0.000 
318.000 0.000 
319.000 0.000 
320.000 0.000 
321.000 0.000 
322.000 0.000 
323.000 0.000 
324.000 0.000 
325.000 0.000 
326.000 0.000 
327.000 0.000 
328.000 0.000 
329.000 0.000 
330.000 0.000 
331.000 0.000 
332.000 0.000 
333.000 0.000 
334.000 0.000 
335.000 1.083 
336.000 9.608 
337.000 17.174 
338.000 23.790 
339.000 29.559 
340.000 34.536 
341.000 38.782 
342.000 42.317 
343.000 45.268 
344.000 47.728 
345.000 49.789 
346.000 51.268 
347.000 52.577 
348.000 53.513 
349.000 54.228 
350.000 54.773 
351.000 55.032 
352.000 55.304 
353.000 55.403 
354.000 55.447 
355.000 55.451 
356.000 55.467 
357.000 55.532 
358.000 55.433 
359.000 55.228 
360.000 54.965 
361.000 54.681 
362.000 54.402 
363.000 53.911 
364.000 53.502 
365.000 53.182 
366.000 52.712 
367.000 52.131 
368.000 51.433 
369.000 50.689 
370.000 49.921 
371.000 49.145 
372.000 48.094 
373.000 47.105 
374.000 46.179 
375.000 45.276 
376.000 44.441 
377.000 43.669 
378.000 42.955 
379.000 42.251 
380.000 41.597 
381.000 40.983 
382.000 40.401 
383.000 39.802 
384.000 39.465 
385.000 39.101 
386.000 38.708 
387.000 38.283 
388.000 37.785 
389.000 37.261 
390.000 36.948 
391.000 36.568 
392.000 36.125 
393.000 35.585 
394.000 35.240 
395.000 34.815 
396.000 34.319 
397.000 33.999 
398.000 33.585 
399.000 33.328 
400.000 33.197 
401.000 32.888 
402.000 32.704 
403.000 32.619 
404.000 32.611 
405.000 32.662 
406.000 32.513 
407.000 32.431 
408.000 32.399 
409.000 32.405 
410.000 32.436 
411.000 32.722 
412.000 32.976 
413.000 33.196 
414.000 33.381 
415.000 33.809 
416.000 34.155 
417.000 34.425 
418.000 34.865 
419.000 35.202 
420.000 35.446 
421.000 35.611 
422.000 35.945 
423.000 36.180 
424.000 36.331 
425.000 36.650 
426.000 36.871 
427.000 37.010 
428.000 37.081 
429.000 37.376 
430.000 37.582 
431.000 37.713 
432.000 37.782 
433.000 38.042 
434.000 38.224 
435.000 38.342 
436.000 38.645 
437.000 38.867 
438.000 39.019 
439.000 39.115 
440.000 39.165 
441.000 39.417 
442.000 39.602 
443.000 39.729 
444.000 39.810 
445.000 40.133 
446.000 40.381 
447.000 40.564 
448.000 40.694 
449.000 40.779 
450.000 40.829 
451.000 40.850 
452.000 41.090 
453.000 41.275 
454.000 41.413 
455.000 41.514 
456.000 41.584 
457.000 41.631 
458.000 41.660 
459.000 41.675 
460.000 41.680 
461.000 41.680 
462.000 41.918 
463.000 42.115 
464.000 42.278 
465.000 42.412 
466.000 42.282 
467.000 42.411 
468.000 42.519 
469.000 42.370 
470.000 42.246 
471.000 42.146 
472.000 42.071 
473.000 41.779 
474.000 41.549 
475.000 41.376 
476.000 41.254 
477.000 40.898 
478.000 40.630 
479.000 40.439 
480.000 40.315 
481.000 40.249 
482.000 39.993 
483.000 39.816 
484.000 39.469 
485.000 39.219 
486.000 38.813 
487.000 38.517 
488.000 38.315 
489.000 37.914 
490.000 37.626 
491.000 37.435 
492.000 37.326 
493.000 37.283 
494.000 37.053 
495.000 36.905 
496.000 36.824 
497.000 36.556 
498.000 36.369 
499.000 36.250 
500.000 36.184 
501.000 36.162 
502.000 36.173 
503.000 36.208 
504.000 36.261 
505.000 36.324 
506.000 36.392 
507.000 36.460 
508.000 36.764 
509.000 37.021 
510.000 37.234 
511.000 37.403 
512.000 37.534 
513.000 37.629 
514.000 37.691 
515.000 37.724 
516.000 37.973 
517.000 38.162 
518.000 38.298 
519.000 38.390 
520.000 38.445 
521.000 38.748 
522.000 38.980 
523.000 39.149 
524.000 39.266 
525.000 39.337 
526.000 39.612 
527.000 39.817 
528.000 39.962 
529.000 40.058 
530.000 40.112 
531.000 40.133 
532.000 40.128 
533.000 40.104 
534.000 40.067 
535.000 40.021 
536.000 39.972 
537.000 39.923 
538.000 39.876 
539.000 39.835 
540.000 39.800 
541.000 39.772 
542.000 39.752 
543.000 39.740 
544.000 39.735 
545.000 39.737 
546.000 39.744 
547.000 39.756 
548.000 39.773 
549.000 39.792 
550.000 39.814 
551.000 39.838 
552.000 39.862 
553.000 39.887 
554.000 40.151 
555.000 40.374 
556.000 40.560 
557.000 40.711 
558.000 40.832 
559.000 40.926 
560.000 40.996 
561.000 41.044 
562.000 41.075 
563.000 41.092 
564.000 41.097 
565.000 41.095 
566.000 41.089 
567.000 41.079 
568.000 41.069 
569.000 40.821 
570.000 40.615 
571.000 40.450 
572.000 40.321 
573.000 40.225 
574.000 40.160 
575.000 39.882 
576.000 39.669 
577.000 39.512 
578.000 39.404 
579.000 39.338 
580.000 39.308 
581.000 39.307 
582.000 39.329 
583.000 39.089 
584.000 38.910 
585.000 38.781 
586.000 38.694 
587.000 38.643 
588.000 38.621 
589.000 38.622 
590.000 38.640 
591.000 38.673 
592.000 38.714 
593.000 38.761 
594.000 38.810 
595.000 38.859 
596.000 38.905 
597.000 38.947 
598.000 38.984 
599.000 39.015 
600.000 39.041 
601.000 39.061 
602.000 39.075 
603.000 39.085 
604.000 39.370 
605.000 39.604 
606.000 39.792 
607.000 39.940 
608.000 40.051 
609.000 40.370 
610.000 40.621 
611.000 40.811 
612.000 41.188 
613.000 41.480 
614.000 41.698 
615.000 41.851 
616.000 41.950 
617.000 42.004 
618.000 42.261 
619.000 42.449 
620.000 42.580 
621.000 42.663 
622.000 42.709 
623.000 42.726 
624.000 42.722 
625.000 42.701 
626.000 42.671 
627.000 42.635 
628.000 42.359 
629.000 42.125 
630.000 41.932 
631.000 41.779 
632.000 41.424 
633.000 41.143 
634.000 40.930 
635.000 40.538 
636.000 40.240 
637.000 40.025 
638.000 39.882 
639.000 39.801 
640.000 39.771 
641.000 39.782 
642.000 39.826 
643.000 39.894 
644.000 39.978 
645.000 40.072 
646.000 40.169 
647.000 40.505 
648.000 40.795 
649.000 40.802 
650.000 40.808 
651.000 40.810 
652.000 40.809 
653.000 40.804 
654.000 40.516 
655.000 40.273 
656.000 40.072 
657.000 28.000 
658.000 28.000 
659.000 28.000 
660.000 28.000 
661.000 28.000 
662.000 28.000 
663.000 28.000 
664.000 28.000 
665.000 28.000 
666.000 28.000 
667.000 28.000 
668.000 28.000 
669.000 28.000 
670.000 28.000 
671.000 28.000 
672.000 28.000 
673.000 28.000 
674.000 28.000 
675.000 28.000 
676.000 28.000 
677.000 28.000 
678.000 28.000 
679.000 28.000 
680.000 28.000 
681.000 28.000 
682.000 28.000 
683.000 28.000 
684.000 28.000 
685.000 28.000 
686.000 28.000 
687.000 28.000 
688.000 28.000 
689.000 28.000 
690.000 28.000 
691.000 28.000 
692.000 28.000 
693.000 28.000 
694.000 28.000 
695.000 28.000 
696.000 28.000 
697.000 28.000 
698.000 28.000 
699.000 28.000 
700.000 28.000 
