1.000 35.000 
2.000 35.120 
3.000 35.120 
4.000 35.120 
5.000 35.120 
6.000 35.120 
7.000 35.180 
8.000 35.120 
9.000 35.180 
10.000 35.180 
11.000 35.250 
12.000 35.310 
13.000 35.370 
14.000 35.500 
15.000 35.620 
16.000 35.750 
17.000 35.870 
18.000 36.000 
19.000 36.180 
20.000 36.370 
21.000 36.560 
22.000 36.750 
23.000 36.930 
24.000 37.180 
25.000 37.370 
26.000 37.560 
27.000 37.810 
28.000 38.060 
29.000 38.250 
30.000 38.560 
31.000 38.810 
32.000 39.060 
33.000 39.310 
34.000 39.560 
35.000 39.810 
36.000 40.060 
37.000 40.310 
38.000 40.560 
39.000 40.810 
40.000 41.060 
41.000 41.310 
42.000 41.500 
43.000 41.750 
44.000 42.000 
45.000 42.250 
46.000 42.430 
47.000 42.680 
48.000 42.870 
49.000 43.120 
50.000 43.310 
51.000 43.560 
52.000 43.810 
53.000 44.000 
54.000 44.180 
55.000 44.430 
56.000 44.620 
57.000 44.810 
58.000 45.000 
59.000 45.180 
60.000 45.370 
61.000 45.560 
62.000 45.810 
63.000 45.930 
64.000 46.180 
65.000 46.310 
66.000 46.500 
67.000 46.680 
68.000 46.870 
69.000 47.000 
70.000 47.180 
71.000 47.310 
72.000 47.370 
73.000 47.500 
74.000 47.560 
75.000 47.620 
76.000 47.680 
77.000 47.680 
78.000 47.680 
79.000 47.680 
80.000 47.680 
81.000 47.560 
82.000 47.500 
83.000 47.430 
84.000 47.310 
85.000 47.250 
86.000 47.120 
87.000 47.000 
88.000 46.810 
89.000 46.680 
90.000 46.560 
91.000 46.370 
92.000 46.250 
93.000 46.060 
94.000 45.870 
95.000 45.750 
96.000 45.560 
97.000 45.430 
98.000 45.250 
99.000 45.120 
100.000 45.000 
101.000 44.870 
102.000 44.750 
103.000 44.620 
104.000 44.500 
105.000 44.370 
106.000 44.310 
107.000 44.180 
108.000 44.120 
109.000 44.060 
110.000 44.000 
111.000 43.930 
112.000 43.870 
113.000 43.810 
114.000 43.750 
115.000 43.750 
116.000 43.680 
117.000 43.680 
118.000 43.620 
119.000 43.620 
120.000 43.560 
121.000 43.560 
122.000 43.560 
123.000 43.560 
124.000 43.560 
125.000 43.560 
126.000 43.560 
127.000 43.560 
128.000 43.620 
129.000 43.620 
130.000 43.620 
131.000 43.680 
132.000 43.750 
133.000 43.750 
134.000 43.810 
135.000 43.870 
136.000 43.930 
137.000 43.930 
138.000 44.000 
139.000 44.060 
140.000 44.120 
141.000 44.180 
142.000 44.250 
143.000 44.250 
144.000 44.250 
145.000 44.310 
146.000 44.370 
147.000 44.370 
148.000 44.430 
149.000 44.500 
150.000 44.500 
151.000 44.560 
152.000 44.560 
153.000 44.560 
154.000 44.560 
155.000 44.620 
156.000 44.620 
157.000 44.620 
158.000 44.620 
159.000 44.620 
160.000 44.620 
161.000 44.620 
162.000 44.620 
163.000 44.620 
164.000 44.620 
165.000 44.560 
166.000 44.560 
167.000 44.560 
168.000 44.560 
169.000 44.560 
170.000 44.500 
171.000 44.500 
172.000 44.500 
173.000 44.430 
174.000 44.430 
175.000 44.430 
176.000 44.370 
177.000 44.370 
178.000 44.370 
179.000 44.370 
180.000 44.370 
181.000 44.370 
182.000 44.310 
183.000 44.310 
184.000 44.310 
185.000 44.310 
186.000 44.310 
187.000 44.310 
188.000 44.310 
189.000 44.310 
190.000 44.310 
191.000 44.310 
192.000 44.310 
193.000 44.310 
194.000 44.310 
195.000 44.310 
196.000 44.310 
197.000 44.310 
198.000 44.310 
199.000 44.310 
200.000 44.310 
201.000 44.310 
202.000 44.310 
203.000 44.310 
204.000 44.310 
205.000 44.310 
206.000 44.310 
207.000 44.310 
208.000 44.310 
209.000 44.310 
210.000 44.310 
211.000 44.310 
212.000 44.250 
213.000 44.250 
214.000 44.250 
215.000 44.250 
216.000 44.180 
217.000 44.180 
218.000 44.180 
219.000 44.180 
220.000 44.180 
221.000 44.180 
222.000 44.180 
223.000 44.180 
224.000 44.180 
225.000 44.180 
226.000 44.180 
227.000 44.180 
228.000 44.180 
229.000 44.250 
230.000 44.250 
231.000 44.250 
232.000 44.250 
233.000 44.250 
234.000 44.250 
235.000 44.250 
236.000 44.250 
237.000 44.180 
238.000 44.180 
239.000 44.180 
240.000 44.180 
241.000 44.250 
242.000 44.250 
243.000 44.250 
244.000 44.250 
245.000 44.250 
246.000 44.250 
247.000 44.180 
248.000 44.250 
249.000 44.250 
250.000 44.250 
251.000 44.250 
252.000 44.250 
253.000 44.250 
254.000 44.250 
255.000 44.250 
256.000 44.250 
257.000 44.250 
258.000 44.250 
259.000 44.250 
260.000 44.250 
261.000 44.250 
262.000 44.180 
263.000 44.180 
264.000 44.180 
265.000 44.180 
266.000 44.180 
267.000 44.180 
268.000 44.180 
269.000 44.180 
270.000 44.180 
271.000 44.180 
272.000 44.180 
273.000 44.180 
274.000 44.180 
275.000 44.180 
276.000 44.180 
277.000 44.120 
278.000 44.120 
279.000 44.120 
280.000 44.060 
281.000 44.060 
282.000 44.060 
283.000 44.060 
284.000 44.060 
285.000 44.060 
286.000 44.060 
287.000 44.060 
288.000 44.060 
289.000 44.060 
290.000 44.060 
291.000 44.060 
292.000 44.060 
293.000 44.060 
294.000 44.060 
295.000 44.060 
296.000 44.060 
297.000 44.060 
298.000 44.060 
299.000 44.060 
300.000 44.120 
301.000 44.120 
302.000 44.120 
303.000 44.120 
304.000 44.120 
305.000 44.120 
306.000 44.120 
307.000 44.120 
308.000 44.120 
309.000 44.060 
310.000 44.060 
311.000 44.000 
312.000 44.000 
313.000 43.870 
314.000 43.810 
315.000 43.680 
316.000 43.560 
317.000 43.500 
318.000 43.310 
319.000 43.180 
320.000 43.060 
321.000 42.870 
322.000 42.750 
323.000 42.560 
324.000 42.370 
325.000 42.250 
326.000 42.060 
327.000 41.870 
328.000 41.680 
329.000 41.500 
330.000 41.310 
331.000 41.120 
332.000 40.930 
333.000 40.750 
334.000 40.500 
335.000 40.310 
336.000 40.120 
337.000 39.930 
338.000 39.750 
339.000 39.560 
340.000 39.370 
341.000 39.180 
342.000 39.000 
343.000 38.810 
344.000 38.620 
345.000 38.430 
346.000 38.310 
347.000 38.120 
348.000 38.000 
349.000 37.870 
350.000 37.750 
351.000 37.680 
352.000 37.560 
353.000 37.500 
354.000 37.430 
355.000 37.370 
356.000 37.310 
357.000 37.250 
358.000 37.250 
359.000 37.250 
360.000 37.250 
361.000 37.250 
362.000 37.250 
363.000 37.310 
364.000 37.310 
365.000 37.310 
366.000 37.370 
367.000 37.430 
368.000 37.500 
369.000 37.560 
370.000 37.620 
371.000 37.680 
372.000 37.810 
373.000 37.870 
374.000 37.930 
375.000 38.000 
376.000 38.060 
377.000 38.120 
378.000 38.180 
379.000 38.250 
380.000 38.310 
381.000 38.370 
382.000 38.430 
383.000 38.500 
384.000 38.500 
385.000 38.560 
386.000 38.620 
387.000 38.680 
388.000 38.750 
389.000 38.810 
390.000 38.810 
391.000 38.870 
392.000 38.930 
393.000 39.000 
394.000 39.000 
395.000 39.060 
396.000 39.120 
397.000 39.120 
398.000 39.180 
399.000 39.180 
400.000 39.180 
401.000 39.250 
402.000 39.250 
403.000 39.250 
404.000 39.250 
405.000 39.250 
406.000 39.310 
407.000 39.310 
408.000 39.310 
409.000 39.310 
410.000 39.310 
411.000 39.250 
412.000 39.250 
413.000 39.250 
414.000 39.250 
415.000 39.180 
416.000 39.180 
417.000 39.180 
418.000 39.120 
419.000 39.120 
420.000 39.120 
421.000 39.120 
422.000 39.060 
423.000 39.060 
424.000 39.060 
425.000 39.000 
426.000 39.000 
427.000 39.000 
428.000 39.000 
429.000 38.930 
430.000 38.930 
431.000 38.930 
432.000 38.930 
433.000 38.870 
434.000 38.870 
435.000 38.870 
436.000 38.810 
437.000 38.810 
438.000 38.810 
439.000 38.810 
440.000 38.810 
441.000 38.750 
442.000 38.750 
443.000 38.750 
444.000 38.750 
445.000 38.680 
446.000 38.680 
447.000 38.680 
448.000 38.680 
449.000 38.680 
450.000 38.680 
451.000 38.680 
452.000 38.620 
453.000 38.620 
454.000 38.620 
455.000 38.620 
456.000 38.620 
457.000 38.620 
458.000 38.620 
459.000 38.620 
460.000 38.620 
461.000 38.620 
462.000 38.560 
463.000 38.560 
464.000 38.560 
465.000 38.560 
466.000 38.620 
467.000 38.560 
468.000 38.560 
469.000 38.620 
470.000 38.620 
471.000 38.620 
472.000 38.620 
473.000 38.680 
474.000 38.680 
475.000 38.680 
476.000 38.680 
477.000 38.750 
478.000 38.750 
479.000 38.750 
480.000 38.750 
481.000 38.750 
482.000 38.810 
483.000 38.810 
484.000 38.870 
485.000 38.870 
486.000 38.930 
487.000 38.930 
488.000 38.930 
489.000 39.000 
490.000 39.000 
491.000 39.000 
492.000 39.000 
493.000 39.000 
494.000 39.060 
495.000 39.060 
496.000 39.060 
497.000 39.120 
498.000 39.120 
499.000 39.120 
500.000 39.120 
501.000 39.120 
502.000 39.120 
503.000 39.120 
504.000 39.120 
505.000 39.120 
506.000 39.120 
507.000 39.120 
508.000 39.060 
509.000 39.060 
510.000 39.060 
511.000 39.060 
512.000 39.060 
513.000 39.060 
514.000 39.060 
515.000 39.060 
516.000 39.000 
517.000 39.000 
518.000 39.000 
519.000 39.000 
520.000 39.000 
521.000 38.930 
522.000 38.930 
523.000 38.930 
524.000 38.930 
525.000 38.930 
526.000 38.870 
527.000 38.870 
528.000 38.870 
529.000 38.870 
530.000 38.870 
531.000 38.870 
532.000 38.870 
533.000 38.870 
534.000 38.870 
535.000 38.870 
536.000 38.870 
537.000 38.870 
538.000 38.870 
539.000 38.870 
540.000 38.870 
541.000 38.870 
542.000 38.870 
543.000 38.870 
544.000 38.870 
545.000 38.870 
546.000 38.870 
547.000 38.870 
548.000 38.870 
549.000 38.870 
550.000 38.870 
551.000 38.870 
552.000 38.870 
553.000 38.870 
554.000 38.810 
555.000 38.810 
556.000 38.810 
557.000 38.810 
558.000 38.810 
559.000 38.810 
560.000 38.810 
561.000 38.810 
562.000 38.810 
563.000 38.810 
564.000 38.810 
565.000 38.810 
566.000 38.810 
567.000 38.810 
568.000 38.810 
569.000 38.870 
570.000 38.870 
571.000 38.870 
572.000 38.870 
573.000 38.870 
574.000 38.870 
575.000 38.930 
576.000 38.930 
577.000 38.930 
578.000 38.930 
579.000 38.930 
580.000 38.930 
581.000 38.930 
582.000 38.930 
583.000 39.000 
584.000 39.000 
585.000 39.000 
586.000 39.000 
587.000 39.000 
588.000 39.000 
589.000 39.000 
590.000 39.000 
591.000 39.000 
592.000 39.000 
593.000 39.000 
594.000 39.000 
595.000 39.000 
596.000 39.000 
597.000 39.000 
598.000 39.000 
599.000 39.000 
600.000 39.000 
601.000 39.000 
602.000 39.000 
603.000 39.000 
604.000 38.930 
605.000 38.930 
606.000 38.930 
607.000 38.930 
608.000 38.930 
609.000 38.870 
610.000 38.870 
611.000 38.870 
612.000 38.810 
613.000 38.810 
614.000 38.810 
615.000 38.810 
616.000 38.810 
617.000 38.810 
618.000 38.750 
619.000 38.750 
620.000 38.750 
621.000 38.750 
622.000 38.750 
623.000 38.750 
624.000 38.750 
625.000 38.750 
626.000 38.750 
627.000 38.750 
628.000 38.810 
629.000 38.810 
630.000 38.810 
631.000 38.810 
632.000 38.870 
633.000 38.870 
634.000 38.870 
635.000 38.930 
636.000 38.930 
637.000 38.930 
638.000 38.930 
639.000 38.930 
640.000 38.930 
641.000 38.930 
642.000 38.930 
643.000 38.930 
644.000 38.930 
645.000 38.930 
646.000 38.930 
647.000 38.870 
648.000 38.870 
649.000 38.930 
650.000 38.930 
651.000 38.930 
652.000 38.930 
653.000 38.930 
654.000 39.000 
655.000 39.000 
656.000 39.000 
657.000 35.000 
658.000 35.000 
659.000 35.000 
660.000 35.000 
661.000 35.000 
662.000 35.000 
663.000 35.000 
664.000 35.000 
665.000 35.000 
666.000 35.000 
667.000 35.000 
668.000 35.000 
669.000 35.000 
670.000 35.000 
671.000 35.000 
672.000 35.000 
673.000 35.000 
674.000 35.000 
675.000 35.000 
676.000 35.000 
677.000 35.000 
678.000 35.000 
679.000 35.000 
680.000 35.000 
681.000 35.000 
682.000 35.000 
683.000 35.000 
684.000 35.000 
685.000 35.000 
686.000 35.000 
687.000 35.000 
688.000 35.000 
689.000 35.000 
690.000 35.000 
691.000 35.000 
692.000 35.000 
693.000 35.000 
694.000 35.000 
695.000 35.000 
696.000 35.000 
697.000 35.000 
698.000 35.000 
699.000 35.000 
700.000 35.000 
