1.000 35.000 
2.000 34.870 
3.000 34.870 
4.000 34.930 
5.000 34.930 
6.000 34.930 
7.000 34.930 
8.000 34.930 
9.000 34.930 
10.000 34.930 
11.000 34.930 
12.000 35.000 
13.000 35.000 
14.000 35.000 
15.000 35.060 
16.000 35.120 
17.000 35.180 
18.000 35.250 
19.000 35.370 
20.000 35.430 
21.000 35.560 
22.000 35.680 
23.000 35.750 
24.000 35.930 
25.000 36.060 
26.000 36.180 
27.000 36.370 
28.000 36.560 
29.000 36.750 
30.000 36.930 
31.000 37.120 
32.000 37.310 
33.000 37.560 
34.000 37.750 
35.000 37.930 
36.000 38.180 
37.000 38.430 
38.000 38.680 
39.000 38.870 
40.000 39.120 
41.000 39.370 
42.000 39.560 
43.000 39.810 
44.000 40.000 
45.000 40.180 
46.000 40.370 
47.000 40.620 
48.000 40.810 
49.000 41.060 
50.000 41.310 
51.000 41.500 
52.000 41.680 
53.000 41.930 
54.000 42.120 
55.000 42.310 
56.000 42.500 
57.000 42.680 
58.000 42.810 
59.000 43.000 
60.000 43.180 
61.000 43.310 
62.000 43.430 
63.000 43.560 
64.000 43.680 
65.000 43.810 
66.000 43.930 
67.000 44.000 
68.000 44.120 
69.000 44.250 
70.000 44.310 
71.000 44.430 
72.000 44.500 
73.000 44.560 
74.000 44.680 
75.000 44.750 
76.000 44.810 
77.000 44.870 
78.000 44.870 
79.000 44.930 
80.000 44.930 
81.000 45.000 
82.000 45.000 
83.000 45.000 
84.000 45.060 
85.000 45.060 
86.000 45.060 
87.000 45.060 
88.000 45.060 
89.000 45.120 
90.000 45.060 
91.000 45.120 
92.000 45.060 
93.000 45.060 
94.000 45.060 
95.000 45.060 
96.000 45.060 
97.000 45.000 
98.000 45.000 
99.000 44.930 
100.000 44.930 
101.000 44.870 
102.000 44.810 
103.000 44.810 
104.000 44.750 
105.000 44.680 
106.000 44.620 
107.000 44.560 
108.000 44.560 
109.000 44.500 
110.000 44.430 
111.000 44.370 
112.000 44.310 
113.000 44.310 
114.000 44.250 
115.000 44.250 
116.000 44.180 
117.000 44.180 
118.000 44.120 
119.000 44.060 
120.000 44.060 
121.000 44.000 
122.000 43.930 
123.000 43.930 
124.000 43.870 
125.000 43.870 
126.000 43.810 
127.000 43.810 
128.000 43.750 
129.000 43.750 
130.000 43.750 
131.000 43.680 
132.000 43.680 
133.000 43.620 
134.000 43.620 
135.000 43.620 
136.000 43.560 
137.000 43.560 
138.000 43.500 
139.000 43.500 
140.000 43.430 
141.000 43.430 
142.000 43.370 
143.000 43.370 
144.000 43.370 
145.000 43.310 
146.000 43.370 
147.000 43.370 
148.000 43.370 
149.000 43.370 
150.000 43.370 
151.000 43.430 
152.000 43.430 
153.000 43.370 
154.000 43.370 
155.000 43.370 
156.000 43.310 
157.000 43.310 
158.000 43.310 
159.000 43.310 
160.000 43.310 
161.000 43.310 
162.000 43.310 
163.000 43.310 
164.000 43.370 
165.000 43.370 
166.000 43.370 
167.000 43.370 
168.000 43.430 
169.000 43.430 
170.000 43.430 
171.000 43.500 
172.000 43.500 
173.000 43.560 
174.000 43.560 
175.000 43.560 
176.000 43.560 
177.000 43.560 
178.000 43.620 
179.000 43.620 
180.000 43.620 
181.000 43.680 
182.000 43.680 
183.000 43.680 
184.000 43.680 
185.000 43.750 
186.000 43.750 
187.000 43.810 
188.000 43.810 
189.000 43.810 
190.000 43.870 
191.000 43.870 
192.000 43.870 
193.000 43.870 
194.000 43.870 
195.000 43.870 
196.000 43.930 
197.000 43.930 
198.000 43.930 
199.000 43.930 
200.000 43.930 
201.000 43.930 
202.000 43.930 
203.000 44.000 
204.000 44.000 
205.000 44.000 
206.000 44.000 
207.000 44.060 
208.000 44.060 
209.000 44.060 
210.000 44.120 
211.000 44.120 
212.000 44.120 
213.000 44.120 
214.000 44.120 
215.000 44.120 
216.000 44.120 
217.000 44.120 
218.000 44.120 
219.000 44.120 
220.000 44.120 
221.000 44.120 
222.000 44.120 
223.000 44.120 
224.000 44.120 
225.000 44.120 
226.000 44.120 
227.000 44.060 
228.000 44.060 
229.000 44.060 
230.000 44.060 
231.000 44.060 
232.000 44.060 
233.000 44.060 
234.000 44.060 
235.000 44.000 
236.000 44.060 
237.000 44.060 
238.000 44.060 
239.000 44.060 
240.000 44.000 
241.000 44.060 
242.000 44.000 
243.000 44.060 
244.000 44.000 
245.000 44.000 
246.000 44.000 
247.000 44.000 
248.000 44.000 
249.000 44.000 
250.000 44.000 
251.000 44.000 
252.000 44.000 
253.000 44.000 
254.000 44.000 
255.000 44.000 
256.000 44.000 
257.000 44.000 
258.000 44.060 
259.000 44.060 
260.000 44.060 
261.000 44.060 
262.000 44.060 
263.000 44.120 
264.000 44.120 
265.000 44.120 
266.000 44.120 
267.000 44.120 
268.000 44.180 
269.000 44.180 
270.000 44.180 
271.000 44.180 
272.000 44.180 
273.000 44.180 
274.000 44.180 
275.000 44.180 
276.000 44.180 
277.000 44.180 
278.000 44.180 
279.000 44.180 
280.000 44.180 
281.000 44.180 
282.000 44.180 
283.000 44.180 
284.000 44.180 
285.000 44.180 
286.000 44.120 
287.000 44.120 
288.000 44.060 
289.000 44.060 
290.000 44.060 
291.000 44.060 
292.000 44.060 
293.000 44.060 
294.000 44.060 
295.000 44.000 
296.000 44.000 
297.000 44.000 
298.000 44.000 
299.000 44.000 
300.000 44.000 
301.000 44.000 
302.000 44.000 
303.000 44.000 
304.000 44.000 
305.000 44.000 
306.000 44.000 
307.000 44.000 
308.000 44.000 
309.000 44.000 
310.000 44.060 
311.000 44.060 
312.000 44.000 
313.000 44.000 
314.000 44.000 
315.000 43.930 
316.000 43.930 
317.000 43.870 
318.000 43.870 
319.000 43.750 
320.000 43.680 
321.000 43.620 
322.000 43.560 
323.000 43.500 
324.000 43.370 
325.000 43.310 
326.000 43.180 
327.000 43.120 
328.000 43.000 
329.000 42.870 
330.000 42.810 
331.000 42.680 
332.000 42.560 
333.000 42.430 
334.000 42.310 
335.000 42.250 
336.000 42.120 
337.000 42.000 
338.000 41.870 
339.000 41.750 
340.000 41.620 
341.000 41.500 
342.000 41.370 
343.000 41.250 
344.000 41.120 
345.000 41.000 
346.000 40.870 
347.000 40.750 
348.000 40.680 
349.000 40.560 
350.000 40.430 
351.000 40.310 
352.000 40.180 
353.000 40.060 
354.000 40.000 
355.000 39.870 
356.000 39.750 
357.000 39.620 
358.000 39.560 
359.000 39.430 
360.000 39.370 
361.000 39.250 
362.000 39.180 
363.000 39.120 
364.000 39.000 
365.000 38.930 
366.000 38.870 
367.000 38.810 
368.000 38.750 
369.000 38.680 
370.000 38.620 
371.000 38.560 
372.000 38.560 
373.000 38.500 
374.000 38.430 
375.000 38.430 
376.000 38.370 
377.000 38.370 
378.000 38.310 
379.000 38.310 
380.000 38.310 
381.000 38.250 
382.000 38.250 
383.000 38.250 
384.000 38.250 
385.000 38.250 
386.000 38.250 
387.000 38.250 
388.000 38.250 
389.000 38.250 
390.000 38.310 
391.000 38.310 
392.000 38.310 
393.000 38.370 
394.000 38.370 
395.000 38.370 
396.000 38.370 
397.000 38.430 
398.000 38.430 
399.000 38.500 
400.000 38.500 
401.000 38.560 
402.000 38.620 
403.000 38.620 
404.000 38.680 
405.000 38.680 
406.000 38.750 
407.000 38.810 
408.000 38.810 
409.000 38.810 
410.000 38.870 
411.000 38.870 
412.000 38.930 
413.000 38.930 
414.000 39.000 
415.000 39.000 
416.000 39.060 
417.000 39.120 
418.000 39.120 
419.000 39.120 
420.000 39.180 
421.000 39.180 
422.000 39.250 
423.000 39.250 
424.000 39.250 
425.000 39.250 
426.000 39.310 
427.000 39.310 
428.000 39.310 
429.000 39.370 
430.000 39.370 
431.000 39.370 
432.000 39.370 
433.000 39.370 
434.000 39.430 
435.000 39.430 
436.000 39.430 
437.000 39.430 
438.000 39.430 
439.000 39.430 
440.000 39.430 
441.000 39.430 
442.000 39.430 
443.000 39.430 
444.000 39.430 
445.000 39.430 
446.000 39.430 
447.000 39.430 
448.000 39.430 
449.000 39.430 
450.000 39.430 
451.000 39.430 
452.000 39.430 
453.000 39.430 
454.000 39.430 
455.000 39.430 
456.000 39.430 
457.000 39.370 
458.000 39.370 
459.000 39.370 
460.000 39.370 
461.000 39.370 
462.000 39.310 
463.000 39.310 
464.000 39.310 
465.000 39.310 
466.000 39.250 
467.000 39.250 
468.000 39.250 
469.000 39.250 
470.000 39.250 
471.000 39.250 
472.000 39.180 
473.000 39.180 
474.000 39.180 
475.000 39.180 
476.000 39.120 
477.000 39.120 
478.000 39.120 
479.000 39.120 
480.000 39.120 
481.000 39.060 
482.000 39.060 
483.000 39.060 
484.000 39.060 
485.000 39.060 
486.000 39.060 
487.000 39.060 
488.000 39.060 
489.000 39.060 
490.000 39.060 
491.000 39.060 
492.000 39.060 
493.000 39.060 
494.000 39.060 
495.000 39.000 
496.000 39.000 
497.000 39.000 
498.000 39.000 
499.000 39.000 
500.000 39.000 
501.000 39.000 
502.000 39.000 
503.000 39.000 
504.000 39.000 
505.000 39.000 
506.000 38.930 
507.000 38.930 
508.000 38.930 
509.000 38.930 
510.000 38.930 
511.000 38.930 
512.000 38.930 
513.000 38.930 
514.000 38.930 
515.000 38.930 
516.000 38.930 
517.000 38.870 
518.000 38.870 
519.000 38.870 
520.000 38.870 
521.000 38.870 
522.000 38.870 
523.000 38.870 
524.000 38.870 
525.000 38.870 
526.000 38.870 
527.000 38.870 
528.000 38.870 
529.000 38.870 
530.000 38.870 
531.000 38.870 
532.000 38.870 
533.000 38.870 
534.000 38.870 
535.000 38.870 
536.000 38.870 
537.000 38.870 
538.000 38.870 
539.000 38.870 
540.000 38.870 
541.000 38.870 
542.000 38.870 
543.000 38.930 
544.000 38.930 
545.000 38.930 
546.000 38.930 
547.000 38.930 
548.000 38.930 
549.000 39.000 
550.000 39.000 
551.000 39.000 
552.000 39.000 
553.000 39.000 
554.000 39.060 
555.000 39.060 
556.000 39.060 
557.000 39.060 
558.000 39.060 
559.000 39.060 
560.000 39.060 
561.000 39.060 
562.000 39.060 
563.000 39.060 
564.000 39.060 
565.000 39.060 
566.000 39.060 
567.000 39.060 
568.000 39.060 
569.000 39.120 
570.000 39.120 
571.000 39.120 
572.000 39.120 
573.000 39.060 
574.000 39.120 
575.000 39.120 
576.000 39.120 
577.000 39.120 
578.000 39.120 
579.000 39.120 
580.000 39.120 
581.000 39.120 
582.000 39.120 
583.000 39.120 
584.000 39.120 
585.000 39.120 
586.000 39.120 
587.000 39.060 
588.000 39.060 
589.000 39.060 
590.000 39.060 
591.000 39.120 
592.000 39.120 
593.000 39.120 
594.000 39.120 
595.000 39.120 
596.000 39.120 
597.000 39.120 
598.000 39.120 
599.000 39.060 
600.000 39.060 
601.000 39.060 
602.000 39.060 
603.000 39.000 
604.000 39.000 
605.000 39.060 
606.000 39.060 
607.000 39.060 
608.000 39.060 
609.000 39.120 
610.000 39.120 
611.000 39.120 
612.000 39.060 
613.000 39.060 
614.000 39.060 
615.000 39.060 
616.000 39.060 
617.000 39.120 
618.000 39.120 
619.000 39.120 
620.000 39.120 
621.000 39.120 
622.000 39.120 
623.000 39.120 
624.000 39.120 
625.000 39.120 
626.000 39.120 
627.000 39.120 
628.000 39.060 
629.000 39.060 
630.000 39.060 
631.000 39.060 
632.000 39.060 
633.000 39.060 
634.000 39.060 
635.000 39.060 
636.000 39.060 
637.000 39.000 
638.000 39.060 
639.000 39.060 
640.000 39.060 
641.000 39.060 
642.000 39.000 
643.000 39.060 
644.000 39.000 
645.000 39.000 
646.000 39.000 
647.000 39.000 
648.000 39.000 
649.000 39.000 
650.000 39.000 
651.000 35.000 
652.000 35.000 
653.000 35.000 
654.000 35.000 
655.000 35.000 
656.000 35.000 
657.000 35.000 
658.000 35.000 
659.000 35.000 
660.000 35.000 
661.000 35.000 
662.000 35.000 
663.000 35.000 
664.000 35.000 
665.000 35.000 
666.000 35.000 
667.000 35.000 
668.000 35.000 
669.000 35.000 
670.000 35.000 
671.000 35.000 
672.000 35.000 
673.000 35.000 
674.000 35.000 
675.000 35.000 
676.000 35.000 
677.000 35.000 
678.000 35.000 
679.000 35.000 
680.000 35.000 
681.000 35.000 
682.000 35.000 
683.000 35.000 
684.000 35.000 
685.000 35.000 
686.000 35.000 
687.000 35.000 
688.000 35.000 
689.000 35.000 
690.000 35.000 
691.000 35.000 
692.000 35.000 
693.000 35.000 
694.000 35.000 
695.000 35.000 
696.000 35.000 
697.000 35.000 
698.000 35.000 
699.000 35.000 
700.000 35.000 
