1.000 44.000 
2.000 44.000 
3.000 44.000 
4.000 44.000 
5.000 44.000 
6.000 44.000 
7.000 44.000 
8.000 44.000 
9.000 44.000 
10.000 44.000 
11.000 44.000 
12.000 44.000 
13.000 44.000 
14.000 44.000 
15.000 44.000 
16.000 44.000 
17.000 44.000 
18.000 44.000 
19.000 44.000 
20.000 44.000 
21.000 44.000 
22.000 44.000 
23.000 44.000 
24.000 44.000 
25.000 44.000 
26.000 44.000 
27.000 44.000 
28.000 44.000 
29.000 44.000 
30.000 44.000 
31.000 44.000 
32.000 44.000 
33.000 44.000 
34.000 44.000 
35.000 44.000 
36.000 44.000 
37.000 44.000 
38.000 44.000 
39.000 44.000 
40.000 44.000 
41.000 44.000 
42.000 44.000 
43.000 44.000 
44.000 44.000 
45.000 44.000 
46.000 44.000 
47.000 44.000 
48.000 44.000 
49.000 44.000 
50.000 44.000 
51.000 44.000 
52.000 44.000 
53.000 44.000 
54.000 44.000 
55.000 44.000 
56.000 44.000 
57.000 44.000 
58.000 44.000 
59.000 44.000 
60.000 44.000 
61.000 44.000 
62.000 44.000 
63.000 44.000 
64.000 44.000 
65.000 44.000 
66.000 44.000 
67.000 44.000 
68.000 44.000 
69.000 44.000 
70.000 44.000 
71.000 44.000 
72.000 44.000 
73.000 44.000 
74.000 44.000 
75.000 44.000 
76.000 44.000 
77.000 44.000 
78.000 44.000 
79.000 44.000 
80.000 44.000 
81.000 44.000 
82.000 44.000 
83.000 44.000 
84.000 44.000 
85.000 44.000 
86.000 44.000 
87.000 44.000 
88.000 44.000 
89.000 44.000 
90.000 44.000 
91.000 44.000 
92.000 44.000 
93.000 44.000 
94.000 44.000 
95.000 44.000 
96.000 44.000 
97.000 44.000 
98.000 44.000 
99.000 44.000 
100.000 44.000 
101.000 44.000 
102.000 44.000 
103.000 44.000 
104.000 44.000 
105.000 44.000 
106.000 44.000 
107.000 44.000 
108.000 44.000 
109.000 44.000 
110.000 44.000 
111.000 44.000 
112.000 44.000 
113.000 44.000 
114.000 44.000 
115.000 44.000 
116.000 44.000 
117.000 44.000 
118.000 44.000 
119.000 44.000 
120.000 44.000 
121.000 44.000 
122.000 44.000 
123.000 44.000 
124.000 44.000 
125.000 44.000 
126.000 44.000 
127.000 44.000 
128.000 44.000 
129.000 44.000 
130.000 44.000 
131.000 44.000 
132.000 44.000 
133.000 44.000 
134.000 44.000 
135.000 44.000 
136.000 44.000 
137.000 44.000 
138.000 44.000 
139.000 44.000 
140.000 44.000 
141.000 44.000 
142.000 44.000 
143.000 44.000 
144.000 44.000 
145.000 44.000 
146.000 44.000 
147.000 44.000 
148.000 44.000 
149.000 44.000 
150.000 44.000 
151.000 44.000 
152.000 44.000 
153.000 44.000 
154.000 44.000 
155.000 44.000 
156.000 44.000 
157.000 44.000 
158.000 44.000 
159.000 44.000 
160.000 44.000 
161.000 44.000 
162.000 44.000 
163.000 44.000 
164.000 44.000 
165.000 44.000 
166.000 44.000 
167.000 44.000 
168.000 44.000 
169.000 44.000 
170.000 44.000 
171.000 44.000 
172.000 44.000 
173.000 44.000 
174.000 44.000 
175.000 44.000 
176.000 44.000 
177.000 44.000 
178.000 44.000 
179.000 44.000 
180.000 44.000 
181.000 44.000 
182.000 44.000 
183.000 44.000 
184.000 44.000 
185.000 44.000 
186.000 44.000 
187.000 44.000 
188.000 44.000 
189.000 44.000 
190.000 44.000 
191.000 44.000 
192.000 44.000 
193.000 44.000 
194.000 44.000 
195.000 44.000 
196.000 44.000 
197.000 44.000 
198.000 44.000 
199.000 44.000 
200.000 44.000 
201.000 44.000 
202.000 44.000 
203.000 44.000 
204.000 44.000 
205.000 44.000 
206.000 44.000 
207.000 44.000 
208.000 44.000 
209.000 44.000 
210.000 44.000 
211.000 44.000 
212.000 44.000 
213.000 44.000 
214.000 44.000 
215.000 44.000 
216.000 44.000 
217.000 44.000 
218.000 44.000 
219.000 44.000 
220.000 44.000 
221.000 44.000 
222.000 44.000 
223.000 44.000 
224.000 44.000 
225.000 44.000 
226.000 44.000 
227.000 44.000 
228.000 44.000 
229.000 44.000 
230.000 44.000 
231.000 44.000 
232.000 44.000 
233.000 44.000 
234.000 44.000 
235.000 44.000 
236.000 44.000 
237.000 44.000 
238.000 44.000 
239.000 44.000 
240.000 44.000 
241.000 44.000 
242.000 44.000 
243.000 44.000 
244.000 44.000 
245.000 44.000 
246.000 44.000 
247.000 44.000 
248.000 44.000 
249.000 44.000 
250.000 44.000 
251.000 44.000 
252.000 44.000 
253.000 44.000 
254.000 44.000 
255.000 44.000 
256.000 44.000 
257.000 44.000 
258.000 44.000 
259.000 44.000 
260.000 44.000 
261.000 44.000 
262.000 44.000 
263.000 44.000 
264.000 44.000 
265.000 44.000 
266.000 44.000 
267.000 44.000 
268.000 44.000 
269.000 44.000 
270.000 44.000 
271.000 44.000 
272.000 44.000 
273.000 44.000 
274.000 44.000 
275.000 44.000 
276.000 44.000 
277.000 44.000 
278.000 44.000 
279.000 44.000 
280.000 44.000 
281.000 44.000 
282.000 44.000 
283.000 44.000 
284.000 44.000 
285.000 44.000 
286.000 44.000 
287.000 44.000 
288.000 44.000 
289.000 44.000 
290.000 44.000 
291.000 44.000 
292.000 44.000 
293.000 44.000 
294.000 44.000 
295.000 44.000 
296.000 44.000 
297.000 44.000 
298.000 44.000 
299.000 44.000 
300.000 44.000 
301.000 39.000 
302.000 39.000 
303.000 39.000 
304.000 39.000 
305.000 39.000 
306.000 39.000 
307.000 39.000 
308.000 39.000 
309.000 39.000 
310.000 39.000 
311.000 39.000 
312.000 39.000 
313.000 39.000 
314.000 39.000 
315.000 39.000 
316.000 39.000 
317.000 39.000 
318.000 39.000 
319.000 39.000 
320.000 39.000 
321.000 39.000 
322.000 39.000 
323.000 39.000 
324.000 39.000 
325.000 39.000 
326.000 39.000 
327.000 39.000 
328.000 39.000 
329.000 39.000 
330.000 39.000 
331.000 39.000 
332.000 39.000 
333.000 39.000 
334.000 39.000 
335.000 39.000 
336.000 39.000 
337.000 39.000 
338.000 39.000 
339.000 39.000 
340.000 39.000 
341.000 39.000 
342.000 39.000 
343.000 39.000 
344.000 39.000 
345.000 39.000 
346.000 39.000 
347.000 39.000 
348.000 39.000 
349.000 39.000 
350.000 39.000 
351.000 39.000 
352.000 39.000 
353.000 39.000 
354.000 39.000 
355.000 39.000 
356.000 39.000 
357.000 39.000 
358.000 39.000 
359.000 39.000 
360.000 39.000 
361.000 39.000 
362.000 39.000 
363.000 39.000 
364.000 39.000 
365.000 39.000 
366.000 39.000 
367.000 39.000 
368.000 39.000 
369.000 39.000 
370.000 39.000 
371.000 39.000 
372.000 39.000 
373.000 39.000 
374.000 39.000 
375.000 39.000 
376.000 39.000 
377.000 39.000 
378.000 39.000 
379.000 39.000 
380.000 39.000 
381.000 39.000 
382.000 39.000 
383.000 39.000 
384.000 39.000 
385.000 39.000 
386.000 39.000 
387.000 39.000 
388.000 39.000 
389.000 39.000 
390.000 39.000 
391.000 39.000 
392.000 39.000 
393.000 39.000 
394.000 39.000 
395.000 39.000 
396.000 39.000 
397.000 39.000 
398.000 39.000 
399.000 39.000 
400.000 39.000 
401.000 39.000 
402.000 39.000 
403.000 39.000 
404.000 39.000 
405.000 39.000 
406.000 39.000 
407.000 39.000 
408.000 39.000 
409.000 39.000 
410.000 39.000 
411.000 39.000 
412.000 39.000 
413.000 39.000 
414.000 39.000 
415.000 39.000 
416.000 39.000 
417.000 39.000 
418.000 39.000 
419.000 39.000 
420.000 39.000 
421.000 39.000 
422.000 39.000 
423.000 39.000 
424.000 39.000 
425.000 39.000 
426.000 39.000 
427.000 39.000 
428.000 39.000 
429.000 39.000 
430.000 39.000 
431.000 39.000 
432.000 39.000 
433.000 39.000 
434.000 39.000 
435.000 39.000 
436.000 39.000 
437.000 39.000 
438.000 39.000 
439.000 39.000 
440.000 39.000 
441.000 39.000 
442.000 39.000 
443.000 39.000 
444.000 39.000 
445.000 39.000 
446.000 39.000 
447.000 39.000 
448.000 39.000 
449.000 39.000 
450.000 39.000 
451.000 39.000 
452.000 39.000 
453.000 39.000 
454.000 39.000 
455.000 39.000 
456.000 39.000 
457.000 39.000 
458.000 39.000 
459.000 39.000 
460.000 39.000 
461.000 39.000 
462.000 39.000 
463.000 39.000 
464.000 39.000 
465.000 39.000 
466.000 39.000 
467.000 39.000 
468.000 39.000 
469.000 39.000 
470.000 39.000 
471.000 39.000 
472.000 39.000 
473.000 39.000 
474.000 39.000 
475.000 39.000 
476.000 39.000 
477.000 39.000 
478.000 39.000 
479.000 39.000 
480.000 39.000 
481.000 39.000 
482.000 39.000 
483.000 39.000 
484.000 39.000 
485.000 39.000 
486.000 39.000 
487.000 39.000 
488.000 39.000 
489.000 39.000 
490.000 39.000 
491.000 39.000 
492.000 39.000 
493.000 39.000 
494.000 39.000 
495.000 39.000 
496.000 39.000 
497.000 39.000 
498.000 39.000 
499.000 39.000 
500.000 39.000 
501.000 39.000 
502.000 39.000 
503.000 39.000 
504.000 39.000 
505.000 39.000 
506.000 39.000 
507.000 39.000 
508.000 39.000 
509.000 39.000 
510.000 39.000 
511.000 39.000 
512.000 39.000 
513.000 39.000 
514.000 39.000 
515.000 39.000 
516.000 39.000 
517.000 39.000 
518.000 39.000 
519.000 39.000 
520.000 39.000 
521.000 39.000 
522.000 39.000 
523.000 39.000 
524.000 39.000 
525.000 39.000 
526.000 39.000 
527.000 39.000 
528.000 39.000 
529.000 39.000 
530.000 39.000 
531.000 39.000 
532.000 39.000 
533.000 39.000 
534.000 39.000 
535.000 39.000 
536.000 39.000 
537.000 39.000 
538.000 39.000 
539.000 39.000 
540.000 39.000 
541.000 39.000 
542.000 39.000 
543.000 39.000 
544.000 39.000 
545.000 39.000 
546.000 39.000 
547.000 39.000 
548.000 39.000 
549.000 39.000 
550.000 39.000 
551.000 39.000 
552.000 39.000 
553.000 39.000 
554.000 39.000 
555.000 39.000 
556.000 39.000 
557.000 39.000 
558.000 39.000 
559.000 39.000 
560.000 39.000 
561.000 39.000 
562.000 39.000 
563.000 39.000 
564.000 39.000 
565.000 39.000 
566.000 39.000 
567.000 39.000 
568.000 39.000 
569.000 39.000 
570.000 39.000 
571.000 39.000 
572.000 39.000 
573.000 39.000 
574.000 39.000 
575.000 39.000 
576.000 39.000 
577.000 39.000 
578.000 39.000 
579.000 39.000 
580.000 39.000 
581.000 39.000 
582.000 39.000 
583.000 39.000 
584.000 39.000 
585.000 39.000 
586.000 39.000 
587.000 39.000 
588.000 39.000 
589.000 39.000 
590.000 39.000 
591.000 39.000 
592.000 39.000 
593.000 39.000 
594.000 39.000 
595.000 39.000 
596.000 39.000 
597.000 39.000 
598.000 39.000 
599.000 39.000 
600.000 39.000 
601.000 39.000 
602.000 39.000 
603.000 39.000 
604.000 39.000 
605.000 39.000 
606.000 39.000 
607.000 39.000 
608.000 39.000 
609.000 39.000 
610.000 39.000 
611.000 39.000 
612.000 39.000 
613.000 39.000 
614.000 39.000 
615.000 39.000 
616.000 39.000 
617.000 39.000 
618.000 39.000 
619.000 39.000 
620.000 39.000 
621.000 39.000 
622.000 39.000 
623.000 39.000 
624.000 39.000 
625.000 39.000 
626.000 39.000 
627.000 39.000 
628.000 39.000 
629.000 39.000 
630.000 39.000 
631.000 39.000 
632.000 39.000 
633.000 39.000 
634.000 39.000 
635.000 39.000 
636.000 39.000 
637.000 39.000 
638.000 39.000 
639.000 39.000 
640.000 39.000 
641.000 39.000 
642.000 39.000 
643.000 39.000 
644.000 39.000 
645.000 39.000 
646.000 39.000 
647.000 39.000 
648.000 39.000 
649.000 39.000 
650.000 39.000 
651.000 39.000 
652.000 39.000 
653.000 39.000 
654.000 39.000 
655.000 39.000 
656.000 39.000 
657.000 39.000 
658.000 39.000 
659.000 39.000 
660.000 39.000 
661.000 39.000 
662.000 39.000 
663.000 39.000 
664.000 39.000 
665.000 39.000 
666.000 39.000 
667.000 39.000 
668.000 39.000 
669.000 39.000 
670.000 39.000 
671.000 39.000 
672.000 39.000 
673.000 39.000 
674.000 39.000 
675.000 39.000 
676.000 39.000 
677.000 39.000 
678.000 39.000 
679.000 39.000 
680.000 39.000 
681.000 39.000 
682.000 39.000 
683.000 39.000 
684.000 39.000 
685.000 39.000 
686.000 39.000 
687.000 39.000 
688.000 39.000 
689.000 39.000 
690.000 39.000 
691.000 39.000 
692.000 39.000 
693.000 39.000 
694.000 39.000 
695.000 39.000 
696.000 39.000 
697.000 39.000 
698.000 39.000 
699.000 39.000 
700.000 39.000 
