1.000 0.000 
2.000 0.000 
3.000 0.000 
4.000 0.000 
5.000 0.000 
6.000 0.000 
7.000 0.000 
8.000 0.000 
9.000 0.000 
10.000 0.001 
11.000 0.001 
12.000 0.002 
13.000 0.003 
14.000 0.005 
15.000 0.006 
16.000 0.007 
17.000 0.009 
18.000 0.010 
19.000 0.012 
20.000 0.013 
21.000 0.015 
22.000 0.017 
23.000 0.018 
24.000 0.020 
25.000 0.022 
26.000 0.024 
27.000 0.025 
28.000 0.027 
29.000 0.029 
30.000 0.031 
31.000 0.033 
32.000 0.034 
33.000 0.036 
34.000 0.038 
35.000 0.040 
36.000 0.041 
37.000 0.043 
38.000 0.045 
39.000 0.046 
40.000 0.048 
41.000 0.050 
42.000 0.051 
43.000 0.053 
44.000 0.055 
45.000 0.056 
46.000 0.058 
47.000 0.059 
48.000 0.061 
49.000 0.062 
50.000 0.064 
51.000 0.065 
52.000 0.067 
53.000 0.068 
54.000 0.070 
55.000 0.071 
56.000 0.073 
57.000 0.074 
58.000 0.075 
59.000 0.077 
60.000 0.078 
61.000 0.079 
62.000 0.081 
63.000 0.082 
64.000 0.083 
65.000 0.085 
66.000 0.086 
67.000 0.087 
68.000 0.088 
69.000 0.090 
70.000 0.091 
71.000 0.092 
72.000 0.093 
73.000 0.094 
74.000 0.095 
75.000 0.096 
76.000 0.098 
77.000 0.099 
78.000 0.100 
79.000 0.101 
80.000 0.102 
81.000 0.103 
82.000 0.104 
83.000 0.105 
84.000 0.106 
85.000 0.107 
86.000 0.108 
87.000 0.109 
88.000 0.110 
89.000 0.111 
90.000 0.112 
91.000 0.113 
92.000 0.113 
93.000 0.114 
94.000 0.115 
95.000 0.116 
96.000 0.117 
97.000 0.118 
98.000 0.119 
99.000 0.119 
100.000 0.120 
101.000 0.121 
102.000 0.122 
103.000 0.123 
104.000 0.123 
105.000 0.124 
106.000 0.125 
107.000 0.126 
108.000 0.126 
109.000 0.127 
110.000 0.128 
111.000 0.129 
112.000 0.129 
113.000 0.130 
114.000 0.131 
115.000 0.131 
116.000 0.132 
117.000 0.133 
118.000 0.133 
119.000 0.134 
120.000 0.135 
121.000 0.135 
122.000 0.136 
123.000 0.137 
124.000 0.137 
125.000 0.138 
126.000 0.138 
127.000 0.139 
128.000 0.139 
129.000 0.140 
130.000 0.141 
131.000 0.141 
132.000 0.142 
133.000 0.142 
134.000 0.143 
135.000 0.143 
136.000 0.144 
137.000 0.144 
138.000 0.145 
139.000 0.145 
140.000 0.146 
141.000 0.146 
142.000 0.147 
143.000 0.147 
144.000 0.148 
145.000 0.148 
146.000 0.149 
147.000 0.149 
148.000 0.150 
149.000 0.150 
150.000 0.151 
151.000 0.151 
152.000 0.151 
153.000 0.152 
154.000 0.152 
155.000 0.153 
156.000 0.153 
157.000 0.153 
158.000 0.154 
159.000 0.154 
160.000 0.155 
161.000 0.155 
162.000 0.155 
163.000 0.156 
164.000 0.156 
165.000 0.157 
166.000 0.157 
167.000 0.157 
168.000 0.158 
169.000 0.158 
170.000 0.158 
171.000 0.159 
172.000 0.159 
173.000 0.159 
174.000 0.160 
175.000 0.160 
176.000 0.160 
177.000 0.161 
178.000 0.161 
179.000 0.161 
180.000 0.161 
181.000 0.162 
182.000 0.162 
183.000 0.162 
184.000 0.163 
185.000 0.163 
186.000 0.163 
187.000 0.163 
188.000 0.164 
189.000 0.164 
190.000 0.164 
191.000 0.165 
192.000 0.165 
193.000 0.165 
194.000 0.165 
195.000 0.166 
196.000 0.166 
197.000 0.166 
198.000 0.166 
199.000 0.167 
200.000 0.167 
201.000 0.167 
202.000 0.167 
203.000 0.167 
204.000 0.168 
205.000 0.168 
206.000 0.168 
207.000 0.168 
208.000 0.169 
209.000 0.169 
210.000 0.169 
211.000 0.169 
212.000 0.169 
213.000 0.170 
214.000 0.170 
215.000 0.170 
216.000 0.170 
217.000 0.170 
218.000 0.171 
219.000 0.171 
220.000 0.171 
221.000 0.171 
222.000 0.171 
223.000 0.171 
224.000 0.172 
225.000 0.172 
226.000 0.172 
227.000 0.172 
228.000 0.172 
229.000 0.172 
230.000 0.173 
231.000 0.173 
232.000 0.173 
233.000 0.173 
234.000 0.173 
235.000 0.173 
236.000 0.174 
237.000 0.174 
238.000 0.174 
239.000 0.174 
240.000 0.174 
241.000 0.174 
242.000 0.174 
243.000 0.175 
244.000 0.175 
245.000 0.175 
246.000 0.175 
247.000 0.175 
248.000 0.175 
249.000 0.175 
250.000 0.175 
251.000 0.176 
252.000 0.176 
253.000 0.176 
254.000 0.176 
255.000 0.176 
256.000 0.176 
257.000 0.176 
258.000 0.176 
259.000 0.177 
260.000 0.177 
261.000 0.177 
262.000 0.177 
263.000 0.177 
264.000 0.177 
265.000 0.177 
266.000 0.177 
267.000 0.177 
268.000 0.178 
269.000 0.178 
270.000 0.178 
271.000 0.178 
272.000 0.178 
273.000 0.178 
274.000 0.178 
275.000 0.178 
276.000 0.178 
277.000 0.178 
278.000 0.178 
279.000 0.179 
280.000 0.179 
281.000 0.179 
282.000 0.179 
283.000 0.179 
284.000 0.179 
285.000 0.179 
286.000 0.179 
287.000 0.179 
288.000 0.179 
289.000 0.179 
290.000 0.179 
291.000 0.180 
292.000 0.180 
293.000 0.180 
294.000 0.180 
295.000 0.180 
296.000 0.180 
297.000 0.180 
298.000 0.180 
299.000 0.180 
300.000 0.180 
301.000 0.180 
302.000 0.180 
303.000 0.180 
304.000 0.180 
305.000 0.180 
306.000 0.181 
307.000 0.181 
308.000 0.181 
309.000 0.181 
310.000 0.181 
311.000 0.181 
312.000 0.181 
313.000 0.181 
314.000 0.181 
315.000 0.181 
316.000 0.181 
317.000 0.181 
318.000 0.181 
319.000 0.181 
320.000 0.181 
321.000 0.181 
322.000 0.181 
323.000 0.182 
324.000 0.182 
325.000 0.182 
326.000 0.182 
327.000 0.182 
328.000 0.182 
329.000 0.182 
330.000 0.182 
331.000 0.182 
332.000 0.182 
333.000 0.182 
334.000 0.182 
335.000 0.182 
336.000 0.182 
337.000 0.182 
338.000 0.182 
339.000 0.182 
340.000 0.182 
341.000 0.182 
342.000 0.182 
343.000 0.182 
344.000 0.182 
345.000 0.182 
346.000 0.183 
347.000 0.183 
348.000 0.183 
349.000 0.183 
350.000 0.183 
351.000 0.183 
352.000 0.183 
353.000 0.183 
354.000 0.183 
355.000 0.183 
356.000 0.183 
357.000 0.183 
358.000 0.183 
359.000 0.183 
360.000 0.183 
361.000 0.183 
362.000 0.183 
363.000 0.183 
364.000 0.183 
365.000 0.183 
366.000 0.183 
367.000 0.183 
368.000 0.183 
369.000 0.183 
370.000 0.183 
371.000 0.183 
372.000 0.183 
373.000 0.183 
374.000 0.183 
375.000 0.183 
376.000 0.183 
377.000 0.184 
378.000 0.184 
379.000 0.184 
380.000 0.184 
381.000 0.184 
382.000 0.184 
383.000 0.184 
384.000 0.184 
385.000 0.184 
386.000 0.184 
387.000 0.184 
388.000 0.184 
389.000 0.184 
390.000 0.184 
391.000 0.184 
392.000 0.184 
393.000 0.184 
394.000 0.184 
395.000 0.184 
396.000 0.184 
397.000 0.184 
398.000 0.184 
399.000 0.184 
400.000 0.184 
401.000 0.184 
402.000 0.184 
403.000 0.184 
404.000 0.184 
405.000 0.184 
406.000 0.184 
407.000 0.184 
408.000 0.184 
409.000 0.184 
410.000 0.184 
411.000 0.184 
412.000 0.184 
413.000 0.184 
414.000 0.184 
415.000 0.184 
416.000 0.184 
417.000 0.184 
418.000 0.184 
419.000 0.184 
420.000 0.184 
421.000 0.184 
422.000 0.184 
423.000 0.184 
424.000 0.184 
425.000 0.184 
426.000 0.184 
427.000 0.184 
428.000 0.184 
429.000 0.184 
430.000 0.185 
431.000 0.185 
432.000 0.185 
433.000 0.185 
434.000 0.185 
435.000 0.185 
436.000 0.185 
437.000 0.185 
438.000 0.185 
439.000 0.185 
440.000 0.185 
441.000 0.185 
442.000 0.185 
443.000 0.185 
444.000 0.185 
445.000 0.185 
446.000 0.185 
447.000 0.185 
448.000 0.185 
449.000 0.185 
450.000 0.185 
451.000 0.185 
452.000 0.185 
453.000 0.185 
454.000 0.185 
455.000 0.185 
456.000 0.185 
457.000 0.185 
458.000 0.185 
459.000 0.185 
460.000 0.185 
461.000 0.185 
462.000 0.185 
463.000 0.185 
464.000 0.185 
465.000 0.185 
466.000 0.185 
467.000 0.185 
468.000 0.185 
469.000 0.185 
470.000 0.185 
471.000 0.185 
472.000 0.185 
473.000 0.185 
474.000 0.185 
475.000 0.185 
476.000 0.185 
477.000 0.185 
478.000 0.185 
479.000 0.185 
480.000 0.185 
481.000 0.185 
482.000 0.185 
483.000 0.185 
484.000 0.185 
485.000 0.185 
486.000 0.185 
487.000 0.185 
488.000 0.185 
489.000 0.185 
490.000 0.185 
491.000 0.185 
492.000 0.185 
493.000 0.185 
494.000 0.185 
495.000 0.185 
496.000 0.185 
497.000 0.185 
498.000 0.185 
499.000 0.185 
500.000 0.185 
501.000 0.185 
502.000 0.185 
503.000 0.185 
504.000 0.185 
505.000 0.185 
506.000 0.185 
507.000 0.185 
508.000 0.185 
509.000 0.185 
510.000 0.185 
511.000 0.185 
512.000 0.185 
513.000 0.185 
514.000 0.185 
515.000 0.185 
516.000 0.185 
517.000 0.185 
518.000 0.185 
519.000 0.185 
520.000 0.185 
521.000 0.185 
522.000 0.185 
523.000 0.185 
524.000 0.185 
525.000 0.185 
526.000 0.185 
527.000 0.185 
528.000 0.185 
529.000 0.185 
530.000 0.185 
531.000 0.185 
532.000 0.185 
533.000 0.185 
534.000 0.185 
535.000 0.185 
536.000 0.185 
537.000 0.185 
538.000 0.185 
539.000 0.185 
540.000 0.185 
541.000 0.185 
542.000 0.185 
543.000 0.185 
544.000 0.185 
545.000 0.185 
546.000 0.185 
547.000 0.185 
548.000 0.185 
549.000 0.185 
550.000 0.185 
551.000 0.185 
552.000 0.185 
553.000 0.185 
554.000 0.185 
555.000 0.185 
556.000 0.185 
557.000 0.185 
558.000 0.185 
559.000 0.185 
560.000 0.185 
561.000 0.185 
562.000 0.185 
563.000 0.185 
564.000 0.185 
565.000 0.185 
566.000 0.185 
567.000 0.185 
568.000 0.185 
569.000 0.185 
570.000 0.185 
571.000 0.185 
572.000 0.185 
573.000 0.185 
574.000 0.185 
575.000 0.185 
576.000 0.185 
577.000 0.185 
578.000 0.185 
579.000 0.185 
580.000 0.185 
581.000 0.185 
582.000 0.185 
583.000 0.185 
584.000 0.185 
585.000 0.185 
586.000 0.185 
587.000 0.185 
588.000 0.185 
589.000 0.185 
590.000 0.185 
591.000 0.185 
592.000 0.185 
593.000 0.185 
594.000 0.185 
595.000 0.185 
596.000 0.185 
597.000 0.185 
598.000 0.185 
599.000 0.185 
600.000 0.185 
601.000 0.185 
602.000 0.185 
603.000 0.185 
604.000 0.185 
605.000 0.185 
606.000 0.185 
607.000 0.185 
608.000 0.185 
609.000 0.185 
610.000 0.185 
611.000 0.185 
612.000 0.185 
613.000 0.185 
614.000 0.185 
615.000 0.185 
616.000 0.185 
617.000 0.185 
618.000 0.185 
619.000 0.185 
620.000 0.185 
621.000 0.185 
622.000 0.185 
