1.000 0.000 
2.000 0.000 
3.000 0.000 
4.000 0.000 
5.000 0.000 
6.000 0.000 
7.000 0.000 
8.000 0.000 
9.000 0.000 
10.000 0.000 
11.000 0.000 
12.000 0.000 
13.000 0.000 
14.000 0.000 
15.000 0.000 
16.000 0.000 
17.000 0.000 
18.000 0.000 
19.000 0.000 
20.000 0.000 
21.000 0.858 
22.000 1.456 
23.000 1.836 
24.000 2.040 
25.000 2.105 
26.000 2.002 
27.000 1.748 
28.000 1.383 
29.000 0.958 
30.000 0.522 
31.000 0.122 
32.000 -0.200 
33.000 -0.414 
34.000 -0.506 
35.000 -0.473 
36.000 -0.329 
37.000 -0.096 
38.000 0.192 
39.000 0.501 
40.000 0.795 
41.000 1.043 
42.000 1.220 
43.000 1.312 
44.000 1.315 
45.000 1.234 
46.000 1.084 
47.000 0.886 
48.000 0.664 
49.000 0.446 
50.000 0.253 
51.000 0.106 
52.000 0.017 
53.000 -0.008 
54.000 0.029 
55.000 0.120 
56.000 0.250 
57.000 0.403 
58.000 0.561 
59.000 0.705 
60.000 0.822 
61.000 0.899 
62.000 0.931 
63.000 0.918 
64.000 0.864 
65.000 0.778 
66.000 0.672 
67.000 0.558 
68.000 0.450 
69.000 0.358 
70.000 0.292 
71.000 0.258 
72.000 0.256 
73.000 0.284 
74.000 0.338 
75.000 0.410 
76.000 0.490 
77.000 0.570 
78.000 0.640 
79.000 0.693 
80.000 0.725 
81.000 0.734 
82.000 0.720 
83.000 0.687 
84.000 0.639 
85.000 0.582 
86.000 0.525 
87.000 0.471 
88.000 0.429 
89.000 0.400 
90.000 0.388 
91.000 0.392 
92.000 0.412 
93.000 0.443 
94.000 0.482 
95.000 0.523 
96.000 0.562 
97.000 0.596 
98.000 0.620 
99.000 0.632 
100.000 0.633 
101.000 0.622 
102.000 0.602 
103.000 0.576 
104.000 0.547 
105.000 0.518 
106.000 0.492 
107.000 0.472 
108.000 0.461 
109.000 0.457 
110.000 0.462 
111.000 0.474 
112.000 0.492 
113.000 0.512 
114.000 0.533 
115.000 0.553 
116.000 0.568 
117.000 0.579 
118.000 0.583 
119.000 0.581 
120.000 0.574 
121.000 0.563 
122.000 0.549 
123.000 0.534 
124.000 0.519 
125.000 0.507 
126.000 0.498 
127.000 0.494 
128.000 0.493 
129.000 0.497 
130.000 0.504 
131.000 0.514 
132.000 0.525 
133.000 0.535 
134.000 0.545 
135.000 0.552 
136.000 0.556 
137.000 0.557 
138.000 0.555 
139.000 0.551 
140.000 0.545 
141.000 0.537 
142.000 0.529 
143.000 0.522 
144.000 0.517 
145.000 0.513 
146.000 0.511 
147.000 0.512 
148.000 0.514 
149.000 0.518 
150.000 0.524 
151.000 0.529 
152.000 0.534 
153.000 0.539 
154.000 0.542 
155.000 0.544 
156.000 0.544 
157.000 0.543 
158.000 0.540 
159.000 0.536 
160.000 0.532 
161.000 0.529 
162.000 0.525 
163.000 0.523 
164.000 0.521 
165.000 0.521 
166.000 0.521 
167.000 0.523 
168.000 0.525 
169.000 0.528 
170.000 0.531 
171.000 0.533 
172.000 0.535 
173.000 0.537 
174.000 0.537 
175.000 0.537 
176.000 0.536 
177.000 0.535 
178.000 0.533 
179.000 0.531 
180.000 0.529 
181.000 0.527 
182.000 0.526 
183.000 0.525 
184.000 0.525 
185.000 0.526 
186.000 0.527 
187.000 0.528 
188.000 0.530 
189.000 0.531 
190.000 0.532 
191.000 0.533 
192.000 0.534 
193.000 0.534 
194.000 0.534 
195.000 0.533 
196.000 0.532 
197.000 0.531 
198.000 0.530 
199.000 0.529 
200.000 0.528 
201.000 0.528 
202.000 0.528 
203.000 0.528 
204.000 0.528 
205.000 0.529 
206.000 0.529 
207.000 0.530 
208.000 0.531 
209.000 0.531 
210.000 0.532 
211.000 0.532 
212.000 0.532 
213.000 0.532 
214.000 0.532 
215.000 0.531 
216.000 0.531 
217.000 0.530 
218.000 0.530 
219.000 0.529 
220.000 0.529 
221.000 0.529 
222.000 0.529 
223.000 0.529 
224.000 0.530 
225.000 0.530 
226.000 0.530 
227.000 0.531 
228.000 0.531 
229.000 0.531 
230.000 0.531 
231.000 0.531 
232.000 0.531 
233.000 0.531 
234.000 0.531 
235.000 0.530 
236.000 0.530 
237.000 0.530 
238.000 0.530 
239.000 0.530 
240.000 0.530 
241.000 0.530 
242.000 0.530 
243.000 0.530 
244.000 0.530 
245.000 0.530 
246.000 0.531 
247.000 0.531 
248.000 0.531 
249.000 0.531 
250.000 0.531 
251.000 0.531 
252.000 0.531 
253.000 0.530 
254.000 0.530 
255.000 0.530 
256.000 0.530 
257.000 0.530 
258.000 0.530 
259.000 0.530 
260.000 0.530 
261.000 0.530 
262.000 0.530 
263.000 0.530 
264.000 0.530 
265.000 0.530 
266.000 0.531 
267.000 0.531 
268.000 0.531 
269.000 0.531 
270.000 0.531 
271.000 0.530 
272.000 0.530 
273.000 0.530 
274.000 0.530 
275.000 0.530 
276.000 0.530 
277.000 0.530 
278.000 0.530 
279.000 0.530 
280.000 0.530 
281.000 0.530 
282.000 0.530 
283.000 0.530 
284.000 0.530 
285.000 0.530 
286.000 0.530 
287.000 0.530 
288.000 0.530 
289.000 0.530 
290.000 0.530 
291.000 0.530 
292.000 0.530 
293.000 0.530 
294.000 0.530 
295.000 0.530 
296.000 0.530 
297.000 0.530 
298.000 0.530 
299.000 0.530 
300.000 0.530 
301.000 0.530 
302.000 0.530 
303.000 0.530 
304.000 0.530 
305.000 0.530 
306.000 0.530 
307.000 0.530 
308.000 0.530 
309.000 0.530 
310.000 0.530 
311.000 0.530 
312.000 0.530 
313.000 0.530 
314.000 0.530 
315.000 0.530 
316.000 0.530 
317.000 0.530 
318.000 0.530 
319.000 0.530 
320.000 0.530 
321.000 0.530 
322.000 0.530 
323.000 0.530 
324.000 0.530 
325.000 0.530 
326.000 0.530 
327.000 0.530 
328.000 0.530 
329.000 0.530 
330.000 0.530 
331.000 0.530 
332.000 0.530 
333.000 0.530 
334.000 0.530 
335.000 0.530 
336.000 0.530 
337.000 0.530 
338.000 0.530 
339.000 0.530 
340.000 0.530 
341.000 0.530 
342.000 0.530 
343.000 0.530 
344.000 0.530 
345.000 0.530 
346.000 0.530 
347.000 0.530 
348.000 0.530 
349.000 0.530 
350.000 0.530 
351.000 0.530 
352.000 0.530 
353.000 0.530 
354.000 0.530 
355.000 0.530 
356.000 0.530 
357.000 0.530 
358.000 0.530 
359.000 0.530 
360.000 0.530 
361.000 0.530 
362.000 0.530 
363.000 0.530 
364.000 0.530 
365.000 0.530 
366.000 0.530 
367.000 0.530 
368.000 0.530 
369.000 0.530 
370.000 0.530 
371.000 0.530 
372.000 0.530 
373.000 0.530 
374.000 0.530 
375.000 0.530 
376.000 0.530 
377.000 0.530 
378.000 0.530 
379.000 0.530 
380.000 0.530 
381.000 0.530 
382.000 0.530 
383.000 0.530 
384.000 0.530 
385.000 0.530 
386.000 0.530 
387.000 0.530 
388.000 0.530 
389.000 0.530 
390.000 0.530 
391.000 0.530 
392.000 0.530 
393.000 0.530 
394.000 0.530 
395.000 0.530 
396.000 0.530 
397.000 0.530 
398.000 0.530 
399.000 0.530 
400.000 0.530 
