1.000 0.000 
2.000 0.000 
3.000 0.000 
4.000 0.000 
5.000 0.000 
6.000 0.000 
7.000 0.000 
8.000 0.000 
9.000 0.000 
10.000 0.000 
11.000 0.858 
12.000 1.456 
13.000 1.839 
14.000 2.044 
15.000 2.111 
16.000 2.010 
17.000 1.756 
18.000 1.391 
19.000 0.964 
20.000 0.526 
21.000 0.123 
22.000 -0.202 
23.000 -0.420 
24.000 -0.515 
25.000 -0.484 
26.000 -0.341 
27.000 -0.108 
28.000 0.183 
29.000 0.495 
30.000 0.793 
31.000 1.045 
32.000 1.226 
33.000 1.322 
34.000 1.327 
35.000 1.247 
36.000 1.096 
37.000 0.897 
38.000 0.672 
39.000 0.450 
40.000 0.253 
41.000 0.102 
42.000 0.009 
43.000 -0.019 
44.000 0.017 
45.000 0.107 
46.000 0.239 
47.000 0.395 
48.000 0.556 
49.000 0.704 
50.000 0.824 
51.000 0.905 
52.000 0.940 
53.000 0.929 
54.000 0.875 
55.000 0.788 
56.000 0.680 
57.000 0.563 
58.000 0.452 
59.000 0.357 
60.000 0.288 
61.000 0.251 
62.000 0.247 
63.000 0.275 
64.000 0.329 
65.000 0.402 
66.000 0.485 
67.000 0.567 
68.000 0.640 
69.000 0.696 
70.000 0.730 
71.000 0.741 
72.000 0.728 
73.000 0.695 
74.000 0.646 
75.000 0.588 
76.000 0.528 
77.000 0.472 
78.000 0.427 
79.000 0.396 
80.000 0.383 
81.000 0.386 
82.000 0.405 
83.000 0.437 
84.000 0.477 
85.000 0.520 
86.000 0.561 
87.000 0.596 
88.000 0.622 
89.000 0.636 
90.000 0.638 
91.000 0.628 
92.000 0.607 
93.000 0.580 
94.000 0.550 
95.000 0.519 
96.000 0.492 
97.000 0.471 
98.000 0.458 
99.000 0.453 
100.000 0.458 
101.000 0.470 
102.000 0.488 
103.000 0.509 
104.000 0.532 
105.000 0.552 
106.000 0.569 
107.000 0.580 
108.000 0.586 
109.000 0.585 
110.000 0.578 
111.000 0.566 
112.000 0.551 
113.000 0.535 
114.000 0.520 
115.000 0.507 
116.000 0.497 
117.000 0.492 
118.000 0.491 
119.000 0.494 
120.000 0.502 
121.000 0.512 
122.000 0.523 
123.000 0.534 
124.000 0.545 
125.000 0.552 
126.000 0.557 
127.000 0.559 
128.000 0.557 
129.000 0.553 
130.000 0.546 
131.000 0.538 
132.000 0.530 
133.000 0.523 
134.000 0.516 
135.000 0.512 
136.000 0.510 
137.000 0.510 
138.000 0.513 
139.000 0.517 
140.000 0.522 
141.000 0.528 
142.000 0.534 
143.000 0.539 
144.000 0.543 
145.000 0.545 
146.000 0.545 
147.000 0.544 
148.000 0.541 
149.000 0.537 
150.000 0.533 
151.000 0.529 
152.000 0.525 
153.000 0.522 
154.000 0.520 
155.000 0.520 
156.000 0.520 
157.000 0.522 
158.000 0.524 
159.000 0.527 
160.000 0.530 
161.000 0.533 
162.000 0.535 
163.000 0.537 
164.000 0.538 
165.000 0.538 
166.000 0.537 
167.000 0.535 
168.000 0.533 
169.000 0.531 
170.000 0.529 
171.000 0.527 
172.000 0.526 
173.000 0.525 
174.000 0.525 
175.000 0.525 
176.000 0.526 
177.000 0.528 
178.000 0.529 
179.000 0.531 
180.000 0.532 
181.000 0.533 
182.000 0.534 
183.000 0.534 
184.000 0.534 
185.000 0.533 
186.000 0.533 
187.000 0.531 
188.000 0.530 
189.000 0.529 
190.000 0.528 
191.000 0.528 
192.000 0.527 
193.000 0.528 
194.000 0.528 
195.000 0.528 
196.000 0.529 
197.000 0.530 
198.000 0.531 
199.000 0.531 
200.000 0.532 
201.000 0.532 
202.000 0.532 
203.000 0.532 
204.000 0.532 
205.000 0.531 
206.000 0.531 
207.000 0.530 
208.000 0.530 
209.000 0.529 
210.000 0.529 
211.000 0.529 
212.000 0.529 
213.000 0.529 
214.000 0.529 
215.000 0.530 
216.000 0.530 
217.000 0.531 
218.000 0.531 
219.000 0.531 
220.000 0.531 
221.000 0.531 
222.000 0.531 
223.000 0.531 
224.000 0.531 
225.000 0.530 
226.000 0.530 
227.000 0.530 
228.000 0.530 
229.000 0.530 
230.000 0.530 
231.000 0.530 
232.000 0.530 
233.000 0.530 
234.000 0.530 
235.000 0.530 
236.000 0.531 
237.000 0.531 
238.000 0.531 
239.000 0.531 
240.000 0.531 
241.000 0.531 
242.000 0.531 
243.000 0.530 
244.000 0.530 
245.000 0.530 
246.000 0.530 
247.000 0.530 
248.000 0.530 
249.000 0.530 
250.000 0.530 
251.000 0.530 
252.000 0.530 
253.000 0.530 
254.000 0.530 
255.000 0.530 
256.000 0.531 
257.000 0.531 
258.000 0.531 
259.000 0.531 
260.000 0.531 
261.000 0.530 
262.000 0.530 
263.000 0.530 
264.000 0.530 
265.000 0.530 
266.000 0.530 
267.000 0.530 
268.000 0.530 
269.000 0.530 
270.000 0.530 
271.000 0.530 
272.000 0.530 
273.000 0.530 
274.000 0.530 
275.000 0.530 
276.000 0.531 
277.000 0.531 
278.000 0.530 
279.000 0.530 
280.000 0.530 
281.000 0.530 
282.000 0.530 
283.000 0.530 
284.000 0.530 
285.000 0.530 
286.000 0.530 
287.000 0.530 
288.000 0.530 
289.000 0.530 
290.000 0.530 
291.000 0.530 
292.000 0.530 
293.000 0.530 
294.000 0.530 
295.000 0.530 
296.000 0.530 
297.000 0.530 
298.000 0.530 
299.000 0.530 
300.000 0.530 
301.000 0.530 
302.000 0.530 
303.000 0.530 
304.000 0.530 
305.000 0.530 
306.000 0.530 
307.000 0.530 
308.000 0.530 
309.000 0.530 
310.000 0.530 
311.000 0.530 
312.000 0.530 
313.000 0.530 
314.000 0.530 
315.000 0.530 
316.000 0.530 
317.000 0.530 
318.000 0.530 
319.000 0.530 
320.000 0.530 
321.000 0.530 
322.000 0.530 
323.000 0.530 
324.000 0.530 
325.000 0.530 
326.000 0.530 
327.000 0.530 
328.000 0.530 
329.000 0.530 
330.000 0.530 
331.000 0.530 
332.000 0.530 
333.000 0.530 
334.000 0.530 
335.000 0.530 
336.000 0.530 
337.000 0.530 
338.000 0.530 
339.000 0.530 
340.000 0.530 
341.000 0.530 
342.000 0.530 
343.000 0.530 
344.000 0.530 
345.000 0.530 
346.000 0.530 
347.000 0.530 
348.000 0.530 
349.000 0.530 
350.000 0.530 
351.000 0.530 
352.000 0.530 
353.000 0.530 
354.000 0.530 
355.000 0.530 
356.000 0.530 
357.000 0.530 
358.000 0.530 
359.000 0.530 
360.000 0.530 
361.000 0.530 
362.000 0.530 
363.000 0.530 
364.000 0.530 
365.000 0.530 
366.000 0.530 
367.000 0.530 
368.000 0.530 
369.000 0.530 
370.000 0.530 
371.000 0.530 
372.000 0.530 
373.000 0.530 
374.000 0.530 
375.000 0.530 
376.000 0.530 
377.000 0.530 
378.000 0.530 
379.000 0.530 
380.000 0.530 
381.000 0.530 
382.000 0.530 
383.000 0.530 
384.000 0.530 
385.000 0.530 
386.000 0.530 
387.000 0.530 
388.000 0.530 
389.000 0.530 
390.000 0.530 
391.000 0.530 
392.000 0.530 
393.000 0.530 
394.000 0.530 
395.000 0.530 
396.000 0.530 
397.000 0.530 
398.000 0.530 
399.000 0.530 
400.000 0.530 
