1.000 0.000 
2.000 0.000 
3.000 0.000 
4.000 0.000 
5.000 0.000 
6.000 0.000 
7.000 0.000 
8.000 0.000 
9.000 0.000 
10.000 0.000 
11.000 0.577 
12.000 0.969 
13.000 1.219 
14.000 1.364 
15.000 1.430 
16.000 1.412 
17.000 1.320 
18.000 1.176 
19.000 1.001 
20.000 0.814 
21.000 0.634 
22.000 0.476 
23.000 0.350 
24.000 0.262 
25.000 0.214 
26.000 0.203 
27.000 0.225 
28.000 0.273 
29.000 0.338 
30.000 0.411 
31.000 0.486 
32.000 0.554 
33.000 0.611 
34.000 0.653 
35.000 0.680 
36.000 0.690 
37.000 0.686 
38.000 0.670 
39.000 0.645 
40.000 0.615 
41.000 0.583 
42.000 0.552 
43.000 0.525 
44.000 0.504 
45.000 0.489 
46.000 0.481 
47.000 0.479 
48.000 0.483 
49.000 0.490 
50.000 0.501 
51.000 0.514 
52.000 0.526 
53.000 0.537 
54.000 0.547 
55.000 0.554 
56.000 0.558 
57.000 0.560 
58.000 0.559 
59.000 0.556 
60.000 0.551 
61.000 0.546 
62.000 0.541 
63.000 0.536 
64.000 0.531 
65.000 0.527 
66.000 0.525 
67.000 0.523 
68.000 0.523 
69.000 0.523 
70.000 0.525 
71.000 0.527 
72.000 0.529 
73.000 0.531 
74.000 0.532 
75.000 0.534 
76.000 0.535 
77.000 0.536 
78.000 0.536 
79.000 0.536 
80.000 0.535 
81.000 0.534 
82.000 0.534 
83.000 0.533 
84.000 0.532 
85.000 0.531 
86.000 0.530 
87.000 0.530 
88.000 0.530 
89.000 0.529 
90.000 0.530 
91.000 0.530 
92.000 0.530 
93.000 0.530 
94.000 0.531 
95.000 0.531 
96.000 0.531 
97.000 0.531 
98.000 0.531 
99.000 0.531 
100.000 0.531 
101.000 0.531 
102.000 0.531 
103.000 0.531 
104.000 0.531 
105.000 0.531 
106.000 0.531 
107.000 0.530 
108.000 0.530 
109.000 0.530 
110.000 0.530 
111.000 0.530 
112.000 0.530 
113.000 0.530 
114.000 0.530 
115.000 0.530 
116.000 0.531 
117.000 0.531 
118.000 0.531 
119.000 0.531 
120.000 0.531 
121.000 0.531 
122.000 0.531 
123.000 0.531 
124.000 0.530 
125.000 0.530 
126.000 0.530 
127.000 0.530 
128.000 0.530 
129.000 0.530 
130.000 0.530 
131.000 0.530 
132.000 0.530 
133.000 0.530 
134.000 0.530 
135.000 0.530 
136.000 0.530 
137.000 0.530 
138.000 0.530 
139.000 0.530 
140.000 0.530 
141.000 0.530 
142.000 0.530 
143.000 0.530 
144.000 0.530 
145.000 0.530 
146.000 0.530 
147.000 0.530 
148.000 0.530 
149.000 0.530 
150.000 0.530 
151.000 0.530 
152.000 0.530 
153.000 0.530 
154.000 0.530 
155.000 0.530 
156.000 0.530 
157.000 0.530 
158.000 0.530 
159.000 0.530 
160.000 0.530 
161.000 0.530 
162.000 0.530 
163.000 0.530 
164.000 0.530 
165.000 0.530 
166.000 0.530 
167.000 0.530 
168.000 0.530 
169.000 0.530 
170.000 0.530 
171.000 0.530 
172.000 0.530 
173.000 0.530 
174.000 0.530 
175.000 0.530 
176.000 0.530 
177.000 0.530 
178.000 0.530 
179.000 0.530 
180.000 0.530 
181.000 0.530 
182.000 0.530 
183.000 0.530 
184.000 0.530 
185.000 0.530 
186.000 0.530 
187.000 0.530 
188.000 0.530 
189.000 0.530 
190.000 0.530 
191.000 0.530 
192.000 0.530 
193.000 0.530 
194.000 0.530 
195.000 0.530 
196.000 0.530 
197.000 0.530 
198.000 0.530 
199.000 0.530 
200.000 0.530 
201.000 0.530 
202.000 0.530 
203.000 0.530 
204.000 0.530 
205.000 0.530 
206.000 0.530 
207.000 0.530 
208.000 0.530 
209.000 0.530 
210.000 0.530 
211.000 0.530 
212.000 0.530 
213.000 0.530 
214.000 0.530 
215.000 0.530 
216.000 0.530 
217.000 0.530 
218.000 0.530 
219.000 0.530 
220.000 0.530 
221.000 0.530 
222.000 0.530 
223.000 0.530 
224.000 0.530 
225.000 0.530 
226.000 0.530 
227.000 0.530 
228.000 0.530 
229.000 0.530 
230.000 0.530 
231.000 0.530 
232.000 0.530 
233.000 0.530 
234.000 0.530 
235.000 0.530 
236.000 0.530 
237.000 0.530 
238.000 0.530 
239.000 0.530 
240.000 0.530 
241.000 0.530 
242.000 0.530 
243.000 0.530 
244.000 0.530 
245.000 0.530 
246.000 0.530 
247.000 0.530 
248.000 0.530 
249.000 0.530 
250.000 0.530 
251.000 0.530 
252.000 0.530 
253.000 0.530 
254.000 0.530 
255.000 0.530 
256.000 0.530 
257.000 0.530 
258.000 0.530 
259.000 0.530 
260.000 0.530 
261.000 0.530 
262.000 0.530 
263.000 0.530 
264.000 0.530 
265.000 0.530 
266.000 0.530 
267.000 0.530 
268.000 0.530 
269.000 0.530 
270.000 0.530 
271.000 0.530 
272.000 0.530 
273.000 0.530 
274.000 0.530 
275.000 0.530 
276.000 0.530 
277.000 0.530 
278.000 0.530 
279.000 0.530 
280.000 0.530 
281.000 0.530 
282.000 0.530 
283.000 0.530 
284.000 0.530 
285.000 0.530 
286.000 0.530 
287.000 0.530 
288.000 0.530 
289.000 0.530 
290.000 0.530 
291.000 0.530 
292.000 0.530 
293.000 0.530 
294.000 0.530 
295.000 0.530 
296.000 0.530 
297.000 0.530 
298.000 0.530 
299.000 0.530 
300.000 0.530 
301.000 0.530 
302.000 0.530 
303.000 0.530 
304.000 0.530 
305.000 0.530 
306.000 0.530 
307.000 0.530 
308.000 0.530 
309.000 0.530 
310.000 0.530 
311.000 0.530 
312.000 0.530 
313.000 0.530 
314.000 0.530 
315.000 0.530 
316.000 0.530 
317.000 0.530 
318.000 0.530 
319.000 0.530 
320.000 0.530 
321.000 0.530 
322.000 0.530 
323.000 0.530 
324.000 0.530 
325.000 0.530 
326.000 0.530 
327.000 0.530 
328.000 0.530 
329.000 0.530 
330.000 0.530 
331.000 0.530 
332.000 0.530 
333.000 0.530 
334.000 0.530 
335.000 0.530 
336.000 0.530 
337.000 0.530 
338.000 0.530 
339.000 0.530 
340.000 0.530 
341.000 0.530 
342.000 0.530 
343.000 0.530 
344.000 0.530 
345.000 0.530 
346.000 0.530 
347.000 0.530 
348.000 0.530 
349.000 0.530 
350.000 0.530 
351.000 0.530 
352.000 0.530 
353.000 0.530 
354.000 0.530 
355.000 0.530 
356.000 0.530 
357.000 0.530 
358.000 0.530 
359.000 0.530 
360.000 0.530 
361.000 0.530 
362.000 0.530 
363.000 0.530 
364.000 0.530 
365.000 0.530 
366.000 0.530 
367.000 0.530 
368.000 0.530 
369.000 0.530 
370.000 0.530 
371.000 0.530 
372.000 0.530 
373.000 0.530 
374.000 0.530 
375.000 0.530 
376.000 0.530 
377.000 0.530 
378.000 0.530 
379.000 0.530 
380.000 0.530 
381.000 0.530 
382.000 0.530 
383.000 0.530 
384.000 0.530 
385.000 0.530 
386.000 0.530 
387.000 0.530 
388.000 0.530 
389.000 0.530 
390.000 0.530 
391.000 0.530 
392.000 0.530 
393.000 0.530 
394.000 0.530 
395.000 0.530 
396.000 0.530 
397.000 0.530 
398.000 0.530 
399.000 0.530 
400.000 0.530 
