1.000 0.000 
2.000 0.000 
3.000 0.000 
4.000 0.000 
5.000 0.000 
6.000 0.000 
7.000 0.000 
8.000 0.000 
9.000 0.000 
10.000 0.000 
11.000 1.027 
12.000 1.694 
13.000 2.071 
14.000 2.226 
15.000 2.216 
16.000 2.003 
17.000 1.618 
18.000 1.126 
19.000 0.600 
20.000 0.106 
21.000 -0.298 
22.000 -0.566 
23.000 -0.673 
24.000 -0.617 
25.000 -0.415 
26.000 -0.103 
27.000 0.273 
28.000 0.662 
29.000 1.013 
30.000 1.285 
31.000 1.448 
32.000 1.488 
33.000 1.409 
34.000 1.227 
35.000 0.971 
36.000 0.680 
37.000 0.390 
38.000 0.139 
39.000 -0.045 
40.000 -0.143 
41.000 -0.148 
42.000 -0.066 
43.000 0.088 
44.000 0.289 
45.000 0.509 
46.000 0.719 
47.000 0.893 
48.000 1.012 
49.000 1.064 
50.000 1.046 
51.000 0.966 
52.000 0.837 
53.000 0.679 
54.000 0.513 
55.000 0.360 
56.000 0.240 
57.000 0.164 
58.000 0.140 
59.000 0.167 
60.000 0.239 
61.000 0.343 
62.000 0.465 
63.000 0.588 
64.000 0.696 
65.000 0.777 
66.000 0.822 
67.000 0.828 
68.000 0.796 
69.000 0.734 
70.000 0.650 
71.000 0.557 
72.000 0.467 
73.000 0.390 
74.000 0.337 
75.000 0.311 
76.000 0.315 
77.000 0.346 
78.000 0.398 
79.000 0.464 
80.000 0.534 
81.000 0.599 
82.000 0.652 
83.000 0.686 
84.000 0.698 
85.000 0.689 
86.000 0.661 
87.000 0.618 
88.000 0.566 
89.000 0.514 
90.000 0.467 
91.000 0.431 
92.000 0.410 
93.000 0.406 
94.000 0.417 
95.000 0.442 
96.000 0.477 
97.000 0.516 
98.000 0.554 
99.000 0.588 
100.000 0.611 
101.000 0.623 
102.000 0.623 
103.000 0.611 
104.000 0.590 
105.000 0.563 
106.000 0.533 
107.000 0.505 
108.000 0.482 
109.000 0.466 
110.000 0.460 
111.000 0.463 
112.000 0.474 
113.000 0.492 
114.000 0.513 
115.000 0.535 
116.000 0.555 
117.000 0.571 
118.000 0.581 
119.000 0.583 
120.000 0.579 
121.000 0.569 
122.000 0.555 
123.000 0.539 
124.000 0.522 
125.000 0.508 
126.000 0.497 
127.000 0.491 
128.000 0.491 
129.000 0.496 
130.000 0.504 
131.000 0.515 
132.000 0.528 
133.000 0.540 
134.000 0.550 
135.000 0.557 
136.000 0.560 
137.000 0.559 
138.000 0.555 
139.000 0.548 
140.000 0.539 
141.000 0.529 
142.000 0.521 
143.000 0.514 
144.000 0.509 
145.000 0.508 
146.000 0.509 
147.000 0.513 
148.000 0.519 
149.000 0.526 
150.000 0.533 
151.000 0.539 
152.000 0.544 
153.000 0.547 
154.000 0.547 
155.000 0.545 
156.000 0.542 
157.000 0.537 
158.000 0.532 
159.000 0.527 
160.000 0.522 
161.000 0.519 
162.000 0.518 
163.000 0.518 
164.000 0.520 
165.000 0.523 
166.000 0.526 
167.000 0.530 
168.000 0.534 
169.000 0.537 
170.000 0.539 
171.000 0.540 
172.000 0.539 
173.000 0.538 
174.000 0.535 
175.000 0.532 
176.000 0.529 
177.000 0.527 
178.000 0.525 
179.000 0.523 
180.000 0.523 
181.000 0.524 
182.000 0.525 
183.000 0.527 
184.000 0.529 
185.000 0.532 
186.000 0.533 
187.000 0.535 
188.000 0.536 
189.000 0.536 
190.000 0.535 
191.000 0.534 
192.000 0.532 
193.000 0.531 
194.000 0.529 
195.000 0.528 
196.000 0.527 
197.000 0.526 
198.000 0.526 
199.000 0.527 
200.000 0.528 
201.000 0.529 
202.000 0.530 
203.000 0.532 
204.000 0.533 
205.000 0.533 
206.000 0.533 
207.000 0.533 
208.000 0.533 
209.000 0.532 
210.000 0.531 
211.000 0.530 
212.000 0.529 
213.000 0.528 
214.000 0.528 
215.000 0.528 
216.000 0.528 
217.000 0.529 
218.000 0.529 
219.000 0.530 
220.000 0.531 
221.000 0.531 
222.000 0.532 
223.000 0.532 
224.000 0.532 
225.000 0.532 
226.000 0.531 
227.000 0.531 
228.000 0.530 
229.000 0.530 
230.000 0.529 
231.000 0.529 
232.000 0.529 
233.000 0.529 
234.000 0.529 
235.000 0.530 
236.000 0.530 
237.000 0.530 
238.000 0.531 
239.000 0.531 
240.000 0.531 
241.000 0.531 
242.000 0.531 
243.000 0.531 
244.000 0.531 
245.000 0.530 
246.000 0.530 
247.000 0.530 
248.000 0.530 
249.000 0.530 
250.000 0.530 
251.000 0.530 
252.000 0.530 
253.000 0.530 
254.000 0.530 
255.000 0.531 
256.000 0.531 
257.000 0.531 
258.000 0.531 
259.000 0.531 
260.000 0.531 
261.000 0.531 
262.000 0.530 
263.000 0.530 
264.000 0.530 
265.000 0.530 
266.000 0.530 
267.000 0.530 
268.000 0.530 
269.000 0.530 
270.000 0.530 
271.000 0.530 
272.000 0.530 
273.000 0.531 
274.000 0.531 
275.000 0.531 
276.000 0.531 
277.000 0.531 
278.000 0.531 
279.000 0.530 
280.000 0.530 
281.000 0.530 
282.000 0.530 
283.000 0.530 
284.000 0.530 
285.000 0.530 
286.000 0.530 
287.000 0.530 
288.000 0.530 
289.000 0.530 
290.000 0.530 
291.000 0.530 
292.000 0.531 
293.000 0.531 
294.000 0.531 
295.000 0.530 
296.000 0.530 
297.000 0.530 
298.000 0.530 
299.000 0.530 
300.000 0.530 
301.000 0.530 
302.000 0.530 
303.000 0.530 
304.000 0.530 
305.000 0.530 
306.000 0.530 
307.000 0.530 
308.000 0.530 
309.000 0.530 
310.000 0.530 
311.000 0.530 
312.000 0.530 
313.000 0.530 
314.000 0.530 
315.000 0.530 
316.000 0.530 
317.000 0.530 
318.000 0.530 
319.000 0.530 
320.000 0.530 
321.000 0.530 
322.000 0.530 
323.000 0.530 
324.000 0.530 
325.000 0.530 
326.000 0.530 
327.000 0.530 
328.000 0.530 
329.000 0.530 
330.000 0.530 
331.000 0.530 
332.000 0.530 
333.000 0.530 
334.000 0.530 
335.000 0.530 
336.000 0.530 
337.000 0.530 
338.000 0.530 
339.000 0.530 
340.000 0.530 
341.000 0.530 
342.000 0.530 
343.000 0.530 
344.000 0.530 
345.000 0.530 
346.000 0.530 
347.000 0.530 
348.000 0.530 
349.000 0.530 
350.000 0.530 
351.000 0.530 
352.000 0.530 
353.000 0.530 
354.000 0.530 
355.000 0.530 
356.000 0.530 
357.000 0.530 
358.000 0.530 
359.000 0.530 
360.000 0.530 
361.000 0.530 
362.000 0.530 
363.000 0.530 
364.000 0.530 
365.000 0.530 
366.000 0.530 
367.000 0.530 
368.000 0.530 
369.000 0.530 
370.000 0.530 
371.000 0.530 
372.000 0.530 
373.000 0.530 
374.000 0.530 
375.000 0.530 
376.000 0.530 
377.000 0.530 
378.000 0.530 
379.000 0.530 
380.000 0.530 
381.000 0.530 
382.000 0.530 
383.000 0.530 
384.000 0.530 
385.000 0.530 
386.000 0.530 
387.000 0.530 
388.000 0.530 
389.000 0.530 
390.000 0.530 
391.000 0.530 
392.000 0.530 
393.000 0.530 
394.000 0.530 
395.000 0.530 
396.000 0.530 
397.000 0.530 
398.000 0.530 
399.000 0.530 
400.000 0.530 
