1.000 0.000 
2.000 0.000 
3.000 0.000 
4.000 0.000 
5.000 0.000 
6.000 0.000 
7.000 0.000 
8.000 0.000 
9.000 0.000 
10.000 0.000 
11.000 0.000 
12.000 0.000 
13.000 0.000 
14.000 0.000 
15.000 0.000 
16.000 0.058 
17.000 0.139 
18.000 0.228 
19.000 0.315 
20.000 0.397 
21.000 0.469 
22.000 0.528 
23.000 0.574 
24.000 0.607 
25.000 0.630 
26.000 0.645 
27.000 0.655 
28.000 0.661 
29.000 0.665 
30.000 0.670 
31.000 0.676 
32.000 0.684 
33.000 0.693 
34.000 0.705 
35.000 0.718 
36.000 0.731 
37.000 0.746 
38.000 0.760 
39.000 0.773 
40.000 0.786 
41.000 0.798 
42.000 0.810 
43.000 0.820 
44.000 0.829 
45.000 0.837 
46.000 0.844 
47.000 0.851 
48.000 0.858 
49.000 0.864 
50.000 0.870 
51.000 0.875 
52.000 0.881 
53.000 0.886 
54.000 0.891 
55.000 0.897 
56.000 0.901 
57.000 0.906 
58.000 0.911 
59.000 0.915 
60.000 0.919 
61.000 0.923 
62.000 0.927 
63.000 0.930 
64.000 0.933 
65.000 0.937 
66.000 0.939 
67.000 0.942 
68.000 0.945 
69.000 0.948 
70.000 0.950 
71.000 0.952 
72.000 0.955 
73.000 0.957 
74.000 0.959 
75.000 0.961 
76.000 0.962 
77.000 0.964 
78.000 0.966 
79.000 0.967 
80.000 0.969 
81.000 0.970 
82.000 0.972 
83.000 0.973 
84.000 0.974 
85.000 0.976 
86.000 0.977 
87.000 0.978 
88.000 0.979 
89.000 0.980 
90.000 0.981 
91.000 0.982 
92.000 0.983 
93.000 0.983 
94.000 0.984 
95.000 0.985 
96.000 0.986 
97.000 0.986 
98.000 0.987 
99.000 0.988 
100.000 0.988 
101.000 0.989 
102.000 0.989 
103.000 0.990 
104.000 0.990 
105.000 0.991 
106.000 0.991 
107.000 0.992 
108.000 0.992 
109.000 0.992 
110.000 0.993 
111.000 0.993 
112.000 0.993 
113.000 0.994 
114.000 0.994 
115.000 0.994 
116.000 0.994 
117.000 0.995 
118.000 0.995 
119.000 0.995 
120.000 0.995 
121.000 0.996 
122.000 0.996 
123.000 0.996 
124.000 0.996 
125.000 0.996 
126.000 0.997 
127.000 0.997 
128.000 0.997 
129.000 0.997 
130.000 0.997 
131.000 0.997 
132.000 0.997 
133.000 0.998 
134.000 0.998 
135.000 0.998 
136.000 0.998 
137.000 0.998 
138.000 0.998 
139.000 0.998 
140.000 0.998 
141.000 0.998 
142.000 0.998 
143.000 0.998 
144.000 0.999 
145.000 0.999 
146.000 0.999 
147.000 0.999 
148.000 0.999 
149.000 0.999 
150.000 0.999 
151.000 0.999 
152.000 0.999 
153.000 0.999 
154.000 0.999 
155.000 0.999 
156.000 0.999 
157.000 0.999 
158.000 0.999 
159.000 0.999 
160.000 0.999 
161.000 0.999 
162.000 0.999 
163.000 0.999 
164.000 0.999 
165.000 0.999 
166.000 1.000 
167.000 1.000 
168.000 1.000 
169.000 1.000 
170.000 1.000 
171.000 1.000 
172.000 1.000 
173.000 1.000 
174.000 1.000 
175.000 1.000 
176.000 1.000 
177.000 1.000 
178.000 1.000 
179.000 1.000 
180.000 1.000 
181.000 1.000 
182.000 1.000 
183.000 1.000 
184.000 1.000 
185.000 1.000 
186.000 1.000 
187.000 1.000 
188.000 1.000 
189.000 1.000 
190.000 1.000 
191.000 1.000 
192.000 1.000 
193.000 1.000 
194.000 1.000 
195.000 1.000 
196.000 1.000 
197.000 1.000 
198.000 1.000 
199.000 1.000 
200.000 1.000 
201.000 1.000 
202.000 1.000 
203.000 1.000 
204.000 1.000 
205.000 1.000 
206.000 1.000 
207.000 1.000 
208.000 1.000 
209.000 1.000 
210.000 1.000 
211.000 1.000 
212.000 1.000 
213.000 1.000 
214.000 1.000 
215.000 1.000 
216.000 1.000 
217.000 1.000 
218.000 1.000 
219.000 1.000 
220.000 1.000 
221.000 1.000 
222.000 1.000 
223.000 1.000 
224.000 1.000 
225.000 1.000 
226.000 1.000 
227.000 1.000 
228.000 1.000 
229.000 1.000 
230.000 1.000 
231.000 1.000 
232.000 1.000 
233.000 1.000 
234.000 1.000 
235.000 1.000 
236.000 1.000 
237.000 1.000 
238.000 1.000 
239.000 1.000 
240.000 1.000 
241.000 1.000 
242.000 1.000 
243.000 1.000 
244.000 1.000 
245.000 1.000 
246.000 1.000 
247.000 1.000 
248.000 1.000 
249.000 1.000 
250.000 1.000 
251.000 1.000 
252.000 1.000 
253.000 1.000 
254.000 1.000 
255.000 1.000 
256.000 1.000 
257.000 1.000 
258.000 1.000 
259.000 1.000 
260.000 1.000 
261.000 1.000 
262.000 1.000 
263.000 1.000 
264.000 1.000 
265.000 1.000 
266.000 1.000 
267.000 1.000 
268.000 1.000 
269.000 1.000 
270.000 1.000 
271.000 1.000 
272.000 1.000 
273.000 1.000 
274.000 1.000 
275.000 1.000 
276.000 1.000 
277.000 1.000 
278.000 1.000 
279.000 1.000 
280.000 1.000 
281.000 1.000 
282.000 1.000 
283.000 1.000 
284.000 1.000 
285.000 1.000 
286.000 1.000 
287.000 1.000 
288.000 1.000 
289.000 1.000 
290.000 1.000 
291.000 1.000 
292.000 1.000 
293.000 1.000 
294.000 1.000 
295.000 1.000 
296.000 1.000 
297.000 1.000 
298.000 1.000 
299.000 1.000 
300.000 1.000 
301.000 1.000 
302.000 1.000 
303.000 1.000 
304.000 1.000 
305.000 1.000 
306.000 1.000 
307.000 1.000 
308.000 1.000 
309.000 1.000 
310.000 1.000 
311.000 1.000 
312.000 1.000 
313.000 1.000 
314.000 1.000 
315.000 1.000 
316.000 1.000 
317.000 1.000 
318.000 1.000 
319.000 1.000 
320.000 1.000 
321.000 1.000 
322.000 1.000 
323.000 1.000 
324.000 1.000 
325.000 1.000 
326.000 1.000 
327.000 1.000 
328.000 1.000 
329.000 1.000 
330.000 1.000 
331.000 1.000 
332.000 1.000 
333.000 1.000 
334.000 1.000 
335.000 1.000 
336.000 1.000 
337.000 1.000 
338.000 1.000 
339.000 1.000 
340.000 1.000 
341.000 1.000 
342.000 1.000 
343.000 1.000 
344.000 1.000 
345.000 1.000 
346.000 1.000 
347.000 1.000 
348.000 1.000 
349.000 1.000 
350.000 1.000 
351.000 1.000 
352.000 1.000 
353.000 1.000 
354.000 1.000 
355.000 1.000 
356.000 1.000 
357.000 1.000 
358.000 1.000 
359.000 1.000 
360.000 1.000 
361.000 1.000 
362.000 1.000 
363.000 1.000 
364.000 1.000 
365.000 1.000 
366.000 1.000 
367.000 1.000 
368.000 1.000 
369.000 1.000 
370.000 1.000 
371.000 1.000 
372.000 1.000 
373.000 1.000 
374.000 1.000 
375.000 1.000 
376.000 1.000 
377.000 1.000 
378.000 1.000 
379.000 1.000 
380.000 1.000 
381.000 1.000 
382.000 1.000 
383.000 1.000 
384.000 1.000 
385.000 1.000 
386.000 1.000 
387.000 1.000 
388.000 1.000 
389.000 1.000 
390.000 1.000 
391.000 1.000 
392.000 1.000 
393.000 1.000 
394.000 1.000 
395.000 1.000 
396.000 1.000 
397.000 1.000 
398.000 1.000 
399.000 1.000 
400.000 1.000 
