1.000 0.000 
2.000 0.000 
3.000 0.000 
4.000 0.000 
5.000 0.000 
6.000 0.000 
7.000 0.000 
8.000 0.000 
9.000 0.000 
10.000 0.000 
11.000 0.000 
12.000 0.000 
13.000 0.000 
14.000 0.000 
15.000 0.000 
16.000 0.087 
17.000 0.226 
18.000 0.391 
19.000 0.561 
20.000 0.723 
21.000 0.860 
22.000 0.958 
23.000 1.011 
24.000 1.016 
25.000 0.980 
26.000 0.911 
27.000 0.823 
28.000 0.729 
29.000 0.644 
30.000 0.580 
31.000 0.546 
32.000 0.544 
33.000 0.576 
34.000 0.635 
35.000 0.715 
36.000 0.806 
37.000 0.895 
38.000 0.974 
39.000 1.034 
40.000 1.070 
41.000 1.080 
42.000 1.064 
43.000 1.028 
44.000 0.979 
45.000 0.923 
46.000 0.869 
47.000 0.824 
48.000 0.795 
49.000 0.784 
50.000 0.792 
51.000 0.817 
52.000 0.856 
53.000 0.903 
54.000 0.952 
55.000 0.998 
56.000 1.035 
57.000 1.059 
58.000 1.069 
59.000 1.065 
60.000 1.047 
61.000 1.021 
62.000 0.989 
63.000 0.956 
64.000 0.928 
65.000 0.906 
66.000 0.895 
67.000 0.894 
68.000 0.903 
69.000 0.922 
70.000 0.946 
71.000 0.973 
72.000 0.999 
73.000 1.022 
74.000 1.038 
75.000 1.047 
76.000 1.047 
77.000 1.039 
78.000 1.026 
79.000 1.008 
80.000 0.989 
81.000 0.972 
82.000 0.957 
83.000 0.948 
84.000 0.945 
85.000 0.948 
86.000 0.956 
87.000 0.968 
88.000 0.983 
89.000 0.998 
90.000 1.011 
91.000 1.022 
92.000 1.028 
93.000 1.030 
94.000 1.027 
95.000 1.021 
96.000 1.011 
97.000 1.001 
98.000 0.990 
99.000 0.981 
100.000 0.975 
101.000 0.971 
102.000 0.971 
103.000 0.975 
104.000 0.981 
105.000 0.988 
106.000 0.997 
107.000 1.005 
108.000 1.011 
109.000 1.016 
110.000 1.018 
111.000 1.017 
112.000 1.014 
113.000 1.010 
114.000 1.004 
115.000 0.998 
116.000 0.992 
117.000 0.988 
118.000 0.985 
119.000 0.984 
120.000 0.985 
121.000 0.988 
122.000 0.992 
123.000 0.997 
124.000 1.001 
125.000 1.005 
126.000 1.008 
127.000 1.010 
128.000 1.010 
129.000 1.009 
130.000 1.007 
131.000 1.004 
132.000 1.000 
133.000 0.997 
134.000 0.994 
135.000 0.992 
136.000 0.991 
137.000 0.992 
138.000 0.993 
139.000 0.995 
140.000 0.997 
141.000 1.000 
142.000 1.002 
143.000 1.004 
144.000 1.006 
145.000 1.006 
146.000 1.006 
147.000 1.005 
148.000 1.003 
149.000 1.001 
150.000 0.999 
151.000 0.997 
152.000 0.996 
153.000 0.995 
154.000 0.995 
155.000 0.996 
156.000 0.997 
157.000 0.998 
158.000 0.999 
159.000 1.001 
160.000 1.002 
161.000 1.003 
162.000 1.003 
163.000 1.003 
164.000 1.003 
165.000 1.002 
166.000 1.001 
167.000 1.000 
168.000 0.999 
169.000 0.998 
170.000 0.998 
171.000 0.997 
172.000 0.997 
173.000 0.998 
174.000 0.999 
175.000 0.999 
176.000 1.000 
177.000 1.001 
178.000 1.001 
179.000 1.002 
180.000 1.002 
181.000 1.002 
182.000 1.001 
183.000 1.001 
184.000 1.000 
185.000 1.000 
186.000 0.999 
187.000 0.999 
188.000 0.999 
189.000 0.999 
190.000 0.999 
191.000 0.999 
192.000 0.999 
193.000 1.000 
194.000 1.000 
195.000 1.001 
196.000 1.001 
197.000 1.001 
198.000 1.001 
199.000 1.001 
200.000 1.001 
201.000 1.000 
202.000 1.000 
203.000 1.000 
204.000 0.999 
205.000 0.999 
206.000 0.999 
207.000 0.999 
208.000 0.999 
209.000 1.000 
210.000 1.000 
211.000 1.000 
212.000 1.000 
213.000 1.000 
214.000 1.001 
215.000 1.001 
216.000 1.001 
217.000 1.000 
218.000 1.000 
219.000 1.000 
220.000 1.000 
221.000 1.000 
222.000 1.000 
223.000 1.000 
224.000 1.000 
225.000 1.000 
226.000 1.000 
227.000 1.000 
228.000 1.000 
229.000 1.000 
230.000 1.000 
231.000 1.000 
232.000 1.000 
233.000 1.000 
234.000 1.000 
235.000 1.000 
236.000 1.000 
237.000 1.000 
238.000 1.000 
239.000 1.000 
240.000 1.000 
241.000 1.000 
242.000 1.000 
243.000 1.000 
244.000 1.000 
245.000 1.000 
246.000 1.000 
247.000 1.000 
248.000 1.000 
249.000 1.000 
250.000 1.000 
251.000 1.000 
252.000 1.000 
253.000 1.000 
254.000 1.000 
255.000 1.000 
256.000 1.000 
257.000 1.000 
258.000 1.000 
259.000 1.000 
260.000 1.000 
261.000 1.000 
262.000 1.000 
263.000 1.000 
264.000 1.000 
265.000 1.000 
266.000 1.000 
267.000 1.000 
268.000 1.000 
269.000 1.000 
270.000 1.000 
271.000 1.000 
272.000 1.000 
273.000 1.000 
274.000 1.000 
275.000 1.000 
276.000 1.000 
277.000 1.000 
278.000 1.000 
279.000 1.000 
280.000 1.000 
281.000 1.000 
282.000 1.000 
283.000 1.000 
284.000 1.000 
285.000 1.000 
286.000 1.000 
287.000 1.000 
288.000 1.000 
289.000 1.000 
290.000 1.000 
291.000 1.000 
292.000 1.000 
293.000 1.000 
294.000 1.000 
295.000 1.000 
296.000 1.000 
297.000 1.000 
298.000 1.000 
299.000 1.000 
300.000 1.000 
301.000 1.000 
302.000 1.000 
303.000 1.000 
304.000 1.000 
305.000 1.000 
306.000 1.000 
307.000 1.000 
308.000 1.000 
309.000 1.000 
310.000 1.000 
311.000 1.000 
312.000 1.000 
313.000 1.000 
314.000 1.000 
315.000 1.000 
316.000 1.000 
317.000 1.000 
318.000 1.000 
319.000 1.000 
320.000 1.000 
321.000 1.000 
322.000 1.000 
323.000 1.000 
324.000 1.000 
325.000 1.000 
326.000 1.000 
327.000 1.000 
328.000 1.000 
329.000 1.000 
330.000 1.000 
331.000 1.000 
332.000 1.000 
333.000 1.000 
334.000 1.000 
335.000 1.000 
336.000 1.000 
337.000 1.000 
338.000 1.000 
339.000 1.000 
340.000 1.000 
341.000 1.000 
342.000 1.000 
343.000 1.000 
344.000 1.000 
345.000 1.000 
346.000 1.000 
347.000 1.000 
348.000 1.000 
349.000 1.000 
350.000 1.000 
351.000 1.000 
352.000 1.000 
353.000 1.000 
354.000 1.000 
355.000 1.000 
356.000 1.000 
357.000 1.000 
358.000 1.000 
359.000 1.000 
360.000 1.000 
361.000 1.000 
362.000 1.000 
363.000 1.000 
364.000 1.000 
365.000 1.000 
366.000 1.000 
367.000 1.000 
368.000 1.000 
369.000 1.000 
370.000 1.000 
371.000 1.000 
372.000 1.000 
373.000 1.000 
374.000 1.000 
375.000 1.000 
376.000 1.000 
377.000 1.000 
378.000 1.000 
379.000 1.000 
380.000 1.000 
381.000 1.000 
382.000 1.000 
383.000 1.000 
384.000 1.000 
385.000 1.000 
386.000 1.000 
387.000 1.000 
388.000 1.000 
389.000 1.000 
390.000 1.000 
391.000 1.000 
392.000 1.000 
393.000 1.000 
394.000 1.000 
395.000 1.000 
396.000 1.000 
397.000 1.000 
398.000 1.000 
399.000 1.000 
400.000 1.000 
