1.000 0.000 
2.000 0.000 
3.000 0.000 
4.000 0.000 
5.000 0.000 
6.000 0.000 
7.000 -0.000 
8.000 -0.001 
9.000 -0.004 
10.000 -0.007 
11.000 0.395 
12.000 0.679 
13.000 0.876 
14.000 1.006 
15.000 1.083 
16.000 1.109 
17.000 1.091 
18.000 1.040 
19.000 0.963 
20.000 0.874 
21.000 0.784 
22.000 0.693 
23.000 0.610 
24.000 0.541 
25.000 0.484 
26.000 0.440 
27.000 0.414 
28.000 0.406 
29.000 0.409 
30.000 0.422 
31.000 0.440 
32.000 0.462 
33.000 0.482 
34.000 0.502 
35.000 0.525 
36.000 0.547 
37.000 0.564 
38.000 0.576 
39.000 0.582 
40.000 0.581 
41.000 0.579 
42.000 0.580 
43.000 0.577 
44.000 0.572 
45.000 0.568 
46.000 0.565 
47.000 0.561 
48.000 0.552 
49.000 0.548 
50.000 0.545 
51.000 0.542 
52.000 0.541 
53.000 0.538 
54.000 0.533 
55.000 0.530 
56.000 0.531 
57.000 0.532 
58.000 0.533 
59.000 0.533 
60.000 0.535 
61.000 0.538 
62.000 0.541 
63.000 0.546 
64.000 0.548 
65.000 0.551 
66.000 0.554 
67.000 0.556 
68.000 0.553 
69.000 0.551 
70.000 0.549 
71.000 0.547 
72.000 0.549 
73.000 0.550 
74.000 0.549 
75.000 0.551 
76.000 0.555 
77.000 0.557 
78.000 0.562 
79.000 0.567 
80.000 0.573 
81.000 0.581 
82.000 0.587 
83.000 0.592 
84.000 0.594 
85.000 0.596 
86.000 0.598 
87.000 0.596 
88.000 0.596 
89.000 0.595 
90.000 0.591 
91.000 0.586 
92.000 0.584 
93.000 0.585 
94.000 0.587 
95.000 0.587 
96.000 0.588 
97.000 0.587 
98.000 0.585 
99.000 0.583 
100.000 0.585 
101.000 0.582 
102.000 0.578 
103.000 0.576 
104.000 0.572 
105.000 0.569 
106.000 0.568 
107.000 0.566 
108.000 0.559 
109.000 0.551 
110.000 0.546 
111.000 0.541 
112.000 0.533 
113.000 0.526 
114.000 0.518 
115.000 0.514 
116.000 0.512 
117.000 0.510 
118.000 0.509 
119.000 0.507 
120.000 0.504 
121.000 0.501 
122.000 0.501 
123.000 0.500 
124.000 0.502 
125.000 0.499 
126.000 0.499 
127.000 0.498 
128.000 0.498 
129.000 0.495 
130.000 0.496 
131.000 0.498 
132.000 0.498 
133.000 0.497 
134.000 0.497 
135.000 0.335 
136.000 0.217 
137.000 0.070 
138.000 -0.092 
139.000 -0.254 
140.000 -0.398 
141.000 -0.521 
142.000 -0.612 
143.000 -0.672 
144.000 -0.696 
145.000 -0.693 
146.000 -0.667 
147.000 -0.619 
148.000 -0.560 
149.000 -0.495 
150.000 -0.425 
151.000 -0.357 
152.000 -0.296 
153.000 -0.247 
154.000 -0.205 
155.000 -0.178 
156.000 -0.161 
157.000 -0.153 
158.000 -0.150 
159.000 -0.153 
160.000 -0.160 
161.000 -0.166 
162.000 -0.173 
163.000 -0.180 
164.000 -0.188 
165.000 -0.194 
166.000 -0.198 
167.000 -0.196 
168.000 -0.194 
169.000 -0.189 
170.000 -0.180 
171.000 -0.168 
172.000 -0.154 
173.000 -0.143 
174.000 -0.131 
175.000 -0.120 
176.000 -0.113 
177.000 -0.106 
178.000 -0.101 
179.000 -0.095 
180.000 -0.093 
181.000 -0.091 
182.000 -0.093 
183.000 -0.092 
184.000 -0.090 
185.000 -0.084 
186.000 -0.078 
187.000 -0.071 
188.000 -0.065 
189.000 -0.064 
190.000 -0.062 
191.000 -0.059 
192.000 -0.058 
193.000 -0.063 
194.000 -0.068 
195.000 -0.075 
196.000 -0.078 
197.000 -0.080 
198.000 -0.082 
199.000 -0.084 
200.000 -0.086 
201.000 -0.087 
202.000 -0.080 
203.000 -0.078 
204.000 -0.079 
205.000 -0.078 
206.000 -0.079 
207.000 -0.079 
208.000 -0.078 
209.000 -0.075 
210.000 -0.077 
211.000 -0.077 
212.000 -0.076 
213.000 -0.071 
214.000 -0.070 
215.000 -0.074 
216.000 -0.079 
217.000 -0.077 
218.000 -0.072 
219.000 -0.071 
220.000 -0.071 
221.000 -0.067 
222.000 -0.064 
223.000 -0.061 
224.000 -0.057 
225.000 -0.055 
226.000 -0.058 
227.000 -0.059 
228.000 -0.059 
229.000 -0.061 
230.000 -0.068 
231.000 -0.075 
232.000 -0.078 
233.000 -0.083 
234.000 -0.086 
235.000 -0.087 
236.000 -0.084 
237.000 -0.078 
238.000 -0.068 
239.000 -0.058 
240.000 -0.050 
241.000 -0.043 
242.000 -0.035 
243.000 -0.029 
244.000 -0.023 
245.000 -0.019 
246.000 -0.014 
247.000 -0.011 
248.000 -0.009 
249.000 -0.007 
250.000 -0.012 
251.000 -0.017 
252.000 -0.020 
253.000 -0.025 
254.000 -0.029 
255.000 -0.032 
256.000 -0.037 
257.000 -0.037 
258.000 -0.038 
259.000 -0.038 
260.000 -0.042 
261.000 -0.043 
262.000 -0.042 
263.000 -0.037 
264.000 -0.030 
265.000 -0.026 
266.000 -0.019 
267.000 -0.010 
268.000 -0.007 
269.000 -0.008 
270.000 -0.013 
271.000 -0.017 
272.000 -0.022 
273.000 -0.027 
274.000 -0.033 
275.000 -0.041 
276.000 -0.045 
277.000 -0.048 
278.000 -0.051 
279.000 -0.055 
280.000 -0.060 
281.000 -0.066 
282.000 -0.069 
283.000 -0.069 
284.000 -0.068 
285.000 -0.068 
286.000 -0.068 
287.000 -0.072 
288.000 -0.073 
289.000 -0.072 
290.000 -0.071 
291.000 -0.068 
292.000 -0.064 
293.000 -0.058 
294.000 -0.056 
295.000 -0.052 
296.000 -0.048 
297.000 -0.041 
298.000 -0.034 
299.000 -0.030 
300.000 -0.027 
301.000 -0.025 
302.000 -0.023 
303.000 -0.021 
304.000 -0.021 
305.000 -0.020 
306.000 -0.023 
307.000 -0.025 
308.000 -0.028 
309.000 -0.033 
310.000 -0.040 
311.000 -0.045 
312.000 -0.047 
313.000 -0.049 
314.000 -0.046 
315.000 -0.044 
316.000 -0.041 
317.000 -0.036 
318.000 -0.030 
319.000 -0.026 
320.000 -0.023 
321.000 -0.023 
322.000 -0.025 
323.000 -0.030 
324.000 -0.033 
325.000 -0.034 
326.000 -0.033 
327.000 -0.032 
328.000 -0.032 
329.000 -0.032 
330.000 -0.035 
331.000 -0.039 
332.000 -0.043 
333.000 -0.042 
334.000 -0.041 
335.000 -0.039 
336.000 -0.036 
337.000 -0.038 
338.000 -0.043 
339.000 -0.047 
340.000 -0.050 
341.000 -0.051 
342.000 -0.055 
343.000 -0.058 
344.000 -0.058 
345.000 -0.059 
346.000 -0.059 
347.000 -0.059 
348.000 -0.062 
349.000 -0.063 
350.000 -0.062 
351.000 -0.060 
352.000 -0.058 
353.000 -0.056 
354.000 -0.054 
355.000 -0.052 
356.000 -0.047 
357.000 -0.047 
358.000 -0.047 
359.000 -0.047 
360.000 -0.046 
361.000 -0.046 
362.000 -0.052 
363.000 -0.056 
364.000 -0.058 
365.000 -0.061 
366.000 -0.061 
367.000 -0.059 
368.000 -0.057 
369.000 -0.055 
370.000 -0.053 
371.000 -0.053 
372.000 -0.053 
373.000 -0.052 
374.000 -0.054 
375.000 -0.053 
376.000 -0.053 
377.000 -0.051 
378.000 -0.048 
379.000 -0.046 
380.000 -0.044 
381.000 -0.041 
382.000 -0.038 
383.000 -0.037 
384.000 -0.034 
385.000 -0.034 
386.000 -0.032 
387.000 -0.029 
388.000 -0.026 
389.000 -0.021 
390.000 -0.018 
391.000 -0.015 
392.000 -0.012 
393.000 -0.009 
394.000 -0.007 
395.000 -0.004 
396.000 -0.002 
397.000 0.002 
398.000 0.006 
399.000 0.006 
400.000 0.006 
