1.000 0.000 
2.000 0.000 
3.000 0.000 
4.000 0.000 
5.000 0.000 
6.000 0.000 
7.000 0.000 
8.000 0.000 
9.000 0.000 
10.000 0.000 
11.000 0.405 
12.000 0.691 
13.000 0.886 
14.000 1.011 
15.000 1.085 
16.000 1.107 
17.000 1.084 
18.000 1.026 
19.000 0.945 
20.000 0.851 
21.000 0.753 
22.000 0.659 
23.000 0.575 
24.000 0.505 
25.000 0.451 
26.000 0.415 
27.000 0.394 
28.000 0.389 
29.000 0.395 
30.000 0.411 
31.000 0.433 
32.000 0.459 
33.000 0.485 
34.000 0.510 
35.000 0.532 
36.000 0.551 
37.000 0.565 
38.000 0.574 
39.000 0.579 
40.000 0.579 
41.000 0.577 
42.000 0.572 
43.000 0.565 
44.000 0.558 
45.000 0.550 
46.000 0.543 
47.000 0.536 
48.000 0.531 
49.000 0.527 
50.000 0.524 
51.000 0.523 
52.000 0.522 
53.000 0.523 
54.000 0.524 
55.000 0.526 
56.000 0.527 
57.000 0.529 
58.000 0.531 
59.000 0.533 
60.000 0.534 
61.000 0.535 
62.000 0.535 
63.000 0.536 
64.000 0.536 
65.000 0.535 
66.000 0.535 
67.000 0.534 
68.000 0.534 
69.000 0.533 
70.000 0.532 
71.000 0.532 
72.000 0.531 
73.000 0.531 
74.000 0.531 
75.000 0.531 
76.000 0.531 
77.000 0.531 
78.000 0.531 
79.000 0.531 
80.000 0.531 
81.000 0.531 
82.000 0.531 
83.000 0.531 
84.000 0.531 
85.000 0.531 
86.000 0.531 
87.000 0.531 
88.000 0.531 
89.000 0.531 
90.000 0.531 
91.000 0.531 
92.000 0.531 
93.000 0.531 
94.000 0.531 
95.000 0.531 
96.000 0.531 
97.000 0.531 
98.000 0.531 
99.000 0.531 
100.000 0.531 
101.000 0.531 
102.000 0.531 
103.000 0.531 
104.000 0.531 
105.000 0.531 
106.000 0.531 
107.000 0.531 
108.000 0.531 
109.000 0.531 
110.000 0.531 
111.000 0.531 
112.000 0.531 
113.000 0.530 
114.000 0.530 
115.000 0.530 
116.000 0.530 
117.000 0.530 
118.000 0.530 
119.000 0.530 
120.000 0.530 
121.000 0.530 
122.000 0.530 
123.000 0.530 
124.000 0.530 
125.000 0.530 
126.000 0.530 
127.000 0.530 
128.000 0.530 
129.000 0.530 
130.000 0.530 
131.000 0.530 
132.000 0.530 
133.000 0.530 
134.000 0.530 
135.000 0.530 
136.000 0.530 
137.000 0.471 
138.000 0.378 
139.000 0.268 
140.000 0.155 
141.000 0.046 
142.000 -0.051 
143.000 -0.133 
144.000 -0.194 
145.000 -0.236 
146.000 -0.259 
147.000 -0.264 
148.000 -0.254 
149.000 -0.234 
150.000 -0.205 
151.000 -0.173 
152.000 -0.140 
153.000 -0.108 
154.000 -0.080 
155.000 -0.056 
156.000 -0.038 
157.000 -0.025 
158.000 -0.018 
159.000 -0.015 
160.000 -0.017 
161.000 -0.022 
162.000 -0.028 
163.000 -0.036 
164.000 -0.044 
165.000 -0.052 
166.000 -0.059 
167.000 -0.064 
168.000 -0.069 
169.000 -0.071 
170.000 -0.072 
171.000 -0.072 
172.000 -0.071 
173.000 -0.069 
174.000 -0.066 
175.000 -0.063 
176.000 -0.060 
177.000 -0.058 
178.000 -0.055 
179.000 -0.053 
180.000 -0.052 
181.000 -0.051 
182.000 -0.050 
183.000 -0.050 
184.000 -0.050 
185.000 -0.050 
186.000 -0.050 
187.000 -0.051 
188.000 -0.051 
189.000 -0.051 
190.000 -0.052 
191.000 -0.052 
192.000 -0.052 
193.000 -0.052 
194.000 -0.052 
195.000 -0.052 
196.000 -0.052 
197.000 -0.052 
198.000 -0.051 
199.000 -0.051 
200.000 -0.051 
201.000 -0.050 
202.000 -0.050 
203.000 -0.050 
204.000 -0.050 
205.000 -0.050 
206.000 -0.050 
207.000 -0.049 
208.000 -0.049 
209.000 -0.049 
210.000 -0.049 
211.000 -0.049 
212.000 -0.049 
213.000 -0.049 
214.000 -0.049 
215.000 -0.049 
216.000 -0.049 
217.000 -0.049 
218.000 -0.049 
219.000 -0.049 
220.000 -0.049 
221.000 -0.049 
222.000 -0.049 
223.000 -0.049 
224.000 -0.049 
225.000 -0.049 
226.000 -0.049 
227.000 -0.049 
228.000 -0.049 
229.000 -0.049 
230.000 -0.049 
231.000 -0.049 
232.000 -0.048 
233.000 -0.048 
234.000 -0.048 
235.000 -0.048 
236.000 -0.048 
237.000 -0.048 
238.000 -0.048 
239.000 -0.048 
240.000 -0.048 
241.000 -0.048 
242.000 -0.048 
243.000 -0.048 
244.000 -0.048 
245.000 -0.048 
246.000 -0.048 
247.000 -0.048 
248.000 -0.048 
249.000 -0.048 
250.000 -0.048 
251.000 -0.048 
252.000 -0.048 
253.000 -0.048 
254.000 -0.048 
255.000 -0.048 
256.000 -0.048 
257.000 -0.048 
258.000 -0.048 
259.000 -0.048 
260.000 -0.048 
261.000 -0.048 
262.000 -0.048 
263.000 -0.048 
264.000 -0.048 
265.000 -0.048 
266.000 -0.048 
267.000 -0.048 
268.000 -0.048 
269.000 -0.048 
270.000 -0.048 
271.000 -0.048 
272.000 -0.048 
273.000 -0.048 
274.000 -0.048 
275.000 -0.048 
276.000 -0.048 
277.000 -0.048 
278.000 -0.048 
279.000 -0.048 
280.000 -0.048 
281.000 -0.048 
282.000 -0.048 
283.000 -0.048 
284.000 -0.048 
285.000 -0.048 
286.000 -0.048 
287.000 -0.048 
288.000 -0.048 
289.000 -0.048 
290.000 -0.048 
291.000 -0.048 
292.000 -0.048 
293.000 -0.048 
294.000 -0.048 
295.000 -0.048 
296.000 -0.048 
297.000 -0.048 
298.000 -0.048 
299.000 -0.048 
300.000 -0.048 
301.000 -0.048 
302.000 -0.048 
303.000 -0.048 
304.000 -0.048 
305.000 -0.048 
306.000 -0.048 
307.000 -0.048 
308.000 -0.048 
309.000 -0.048 
310.000 -0.048 
311.000 -0.048 
312.000 -0.048 
313.000 -0.048 
314.000 -0.048 
315.000 -0.048 
316.000 -0.048 
317.000 -0.048 
318.000 -0.048 
319.000 -0.048 
320.000 -0.048 
321.000 -0.048 
322.000 -0.048 
323.000 -0.048 
324.000 -0.048 
325.000 -0.048 
326.000 -0.048 
327.000 -0.048 
328.000 -0.048 
329.000 -0.048 
330.000 -0.048 
331.000 -0.048 
332.000 -0.048 
333.000 -0.048 
334.000 -0.048 
335.000 -0.048 
336.000 -0.048 
337.000 -0.048 
338.000 -0.048 
339.000 -0.048 
340.000 -0.048 
341.000 -0.048 
342.000 -0.048 
343.000 -0.048 
344.000 -0.048 
345.000 -0.048 
346.000 -0.048 
347.000 -0.048 
348.000 -0.048 
349.000 -0.048 
350.000 -0.048 
351.000 -0.048 
352.000 -0.048 
353.000 -0.048 
354.000 -0.048 
355.000 -0.048 
356.000 -0.048 
357.000 -0.048 
358.000 -0.048 
359.000 -0.048 
360.000 -0.048 
361.000 -0.048 
362.000 -0.048 
363.000 -0.048 
364.000 -0.048 
365.000 -0.048 
366.000 -0.048 
367.000 -0.048 
368.000 -0.048 
369.000 -0.048 
370.000 -0.048 
371.000 -0.048 
372.000 -0.048 
373.000 -0.048 
374.000 -0.048 
375.000 -0.048 
376.000 -0.048 
377.000 -0.048 
378.000 -0.048 
379.000 -0.048 
380.000 -0.048 
381.000 -0.048 
382.000 -0.048 
383.000 -0.048 
384.000 -0.048 
385.000 -0.048 
386.000 -0.048 
387.000 -0.048 
388.000 -0.048 
389.000 -0.048 
390.000 -0.048 
391.000 -0.048 
392.000 -0.048 
393.000 -0.048 
394.000 -0.048 
395.000 -0.048 
396.000 -0.048 
397.000 -0.048 
398.000 -0.048 
399.000 -0.048 
400.000 -0.048 
