1.000 0.000 
2.000 0.000 
3.000 0.000 
4.000 0.000 
5.000 0.000 
6.000 0.000 
7.000 0.004 
8.000 0.044 
9.000 0.052 
10.000 0.105 
11.000 0.560 
12.000 0.882 
13.000 1.094 
14.000 1.257 
15.000 1.361 
16.000 1.402 
17.000 1.385 
18.000 1.350 
19.000 1.282 
20.000 1.165 
21.000 1.052 
22.000 0.922 
23.000 0.817 
24.000 0.727 
25.000 0.656 
26.000 0.623 
27.000 0.579 
28.000 0.565 
29.000 0.581 
30.000 0.619 
31.000 0.656 
32.000 0.683 
33.000 0.703 
34.000 0.717 
35.000 0.742 
36.000 0.762 
37.000 0.784 
38.000 0.771 
39.000 0.755 
40.000 0.752 
41.000 0.714 
42.000 0.670 
43.000 0.626 
44.000 0.579 
45.000 0.551 
46.000 0.495 
47.000 0.420 
48.000 0.355 
49.000 0.359 
50.000 0.373 
51.000 0.390 
52.000 0.412 
53.000 0.430 
54.000 0.434 
55.000 0.429 
56.000 0.438 
57.000 0.433 
58.000 0.426 
59.000 0.408 
60.000 0.372 
61.000 0.344 
62.000 0.309 
63.000 0.281 
64.000 0.266 
65.000 0.260 
66.000 0.256 
67.000 0.264 
68.000 0.259 
69.000 0.229 
70.000 0.194 
71.000 0.205 
72.000 0.248 
73.000 0.259 
74.000 0.275 
75.000 0.307 
76.000 0.352 
77.000 0.403 
78.000 0.440 
79.000 0.452 
80.000 0.465 
81.000 0.493 
82.000 0.525 
83.000 0.530 
84.000 0.547 
85.000 0.575 
86.000 0.620 
87.000 0.653 
88.000 0.672 
89.000 0.686 
90.000 0.711 
91.000 0.739 
92.000 0.722 
93.000 0.709 
94.000 0.689 
95.000 0.698 
96.000 0.674 
97.000 0.657 
98.000 0.641 
99.000 0.605 
100.000 0.613 
101.000 0.622 
102.000 0.621 
103.000 0.618 
104.000 0.618 
105.000 0.647 
106.000 0.658 
107.000 0.658 
108.000 0.675 
109.000 0.688 
110.000 0.698 
111.000 0.709 
112.000 0.728 
113.000 0.739 
114.000 0.758 
115.000 0.784 
116.000 0.798 
117.000 0.793 
118.000 0.779 
119.000 0.782 
120.000 0.746 
121.000 0.722 
122.000 0.685 
123.000 0.632 
124.000 0.574 
125.000 0.553 
126.000 0.527 
127.000 0.504 
128.000 0.472 
129.000 0.441 
130.000 0.415 
131.000 0.402 
132.000 0.398 
133.000 0.391 
134.000 0.374 
135.000 0.189 
136.000 0.045 
137.000 -0.124 
138.000 -0.310 
139.000 -0.496 
140.000 -0.665 
141.000 -0.764 
142.000 -0.812 
143.000 -0.825 
144.000 -0.813 
145.000 -0.785 
146.000 -0.722 
147.000 -0.660 
148.000 -0.569 
149.000 -0.458 
150.000 -0.375 
151.000 -0.292 
152.000 -0.239 
153.000 -0.189 
154.000 -0.146 
155.000 -0.101 
156.000 -0.075 
157.000 -0.041 
158.000 -0.012 
159.000 -0.009 
160.000 -0.018 
161.000 -0.023 
162.000 -0.031 
163.000 -0.061 
164.000 -0.078 
165.000 -0.107 
166.000 -0.129 
167.000 -0.153 
168.000 -0.163 
169.000 -0.185 
170.000 -0.195 
171.000 -0.205 
172.000 -0.196 
173.000 -0.184 
174.000 -0.178 
175.000 -0.188 
176.000 -0.202 
177.000 -0.165 
178.000 -0.110 
179.000 -0.048 
180.000 -0.001 
181.000 0.035 
182.000 0.050 
183.000 0.046 
184.000 0.037 
185.000 0.010 
186.000 -0.006 
187.000 -0.042 
188.000 -0.062 
189.000 -0.077 
190.000 -0.078 
191.000 -0.058 
192.000 -0.046 
193.000 -0.014 
194.000 0.042 
195.000 0.080 
196.000 0.086 
197.000 0.106 
198.000 0.143 
199.000 0.185 
200.000 0.201 
201.000 0.211 
202.000 0.206 
203.000 0.227 
204.000 0.262 
205.000 0.307 
206.000 0.333 
207.000 0.365 
208.000 0.360 
209.000 0.360 
210.000 0.368 
211.000 0.384 
212.000 0.383 
213.000 0.355 
214.000 0.305 
215.000 0.263 
216.000 0.228 
217.000 0.184 
218.000 0.151 
219.000 0.139 
220.000 0.126 
221.000 0.111 
222.000 0.125 
223.000 0.138 
224.000 0.137 
225.000 0.111 
226.000 0.091 
227.000 0.059 
228.000 0.036 
229.000 0.012 
230.000 0.020 
231.000 0.059 
232.000 0.087 
233.000 0.111 
234.000 0.154 
235.000 0.198 
236.000 0.241 
237.000 0.282 
238.000 0.337 
239.000 0.374 
240.000 0.402 
241.000 0.403 
242.000 0.378 
243.000 0.362 
244.000 0.360 
245.000 0.355 
246.000 0.308 
247.000 0.272 
248.000 0.267 
249.000 0.236 
250.000 0.215 
251.000 0.169 
252.000 0.120 
253.000 0.073 
254.000 0.013 
255.000 -0.060 
256.000 -0.131 
257.000 -0.212 
258.000 -0.287 
259.000 -0.308 
260.000 -0.323 
261.000 -0.334 
262.000 -0.340 
263.000 -0.319 
264.000 -0.299 
265.000 -0.281 
266.000 -0.253 
267.000 -0.230 
268.000 -0.220 
269.000 -0.180 
270.000 -0.147 
271.000 -0.125 
272.000 -0.087 
273.000 -0.063 
274.000 -0.048 
275.000 -0.046 
276.000 -0.039 
277.000 -0.037 
278.000 -0.010 
279.000 -0.008 
280.000 -0.016 
281.000 -0.014 
282.000 -0.016 
283.000 0.002 
284.000 0.042 
285.000 0.055 
286.000 0.068 
287.000 0.094 
288.000 0.104 
289.000 0.114 
290.000 0.151 
291.000 0.166 
292.000 0.184 
293.000 0.175 
294.000 0.155 
295.000 0.149 
296.000 0.147 
297.000 0.127 
298.000 0.099 
299.000 0.090 
300.000 0.075 
301.000 0.049 
302.000 -0.011 
303.000 -0.029 
304.000 -0.041 
305.000 -0.032 
306.000 -0.021 
307.000 -0.009 
308.000 -0.020 
309.000 -0.043 
310.000 -0.094 
311.000 -0.132 
312.000 -0.179 
313.000 -0.207 
314.000 -0.225 
315.000 -0.231 
316.000 -0.264 
317.000 -0.256 
318.000 -0.280 
319.000 -0.264 
320.000 -0.239 
321.000 -0.209 
322.000 -0.163 
323.000 -0.135 
324.000 -0.119 
325.000 -0.136 
326.000 -0.150 
327.000 -0.146 
328.000 -0.138 
329.000 -0.139 
330.000 -0.124 
331.000 -0.100 
332.000 -0.060 
333.000 -0.031 
334.000 -0.003 
335.000 0.017 
336.000 0.052 
337.000 0.052 
338.000 0.079 
339.000 0.089 
340.000 0.110 
341.000 0.091 
342.000 0.061 
343.000 0.019 
344.000 -0.014 
345.000 -0.042 
346.000 -0.089 
347.000 -0.137 
348.000 -0.161 
349.000 -0.161 
350.000 -0.149 
351.000 -0.121 
352.000 -0.115 
353.000 -0.108 
354.000 -0.089 
355.000 -0.088 
356.000 -0.107 
357.000 -0.149 
358.000 -0.204 
359.000 -0.229 
360.000 -0.230 
361.000 -0.209 
362.000 -0.197 
363.000 -0.222 
364.000 -0.220 
365.000 -0.210 
366.000 -0.185 
367.000 -0.156 
368.000 -0.131 
369.000 -0.117 
370.000 -0.091 
371.000 -0.060 
372.000 -0.029 
373.000 -0.013 
374.000 0.012 
375.000 0.038 
376.000 0.019 
377.000 -0.006 
378.000 -0.001 
379.000 -0.014 
380.000 -0.006 
381.000 -0.009 
382.000 -0.000 
383.000 0.032 
384.000 0.073 
385.000 0.100 
386.000 0.099 
387.000 0.056 
388.000 0.028 
389.000 -0.002 
390.000 -0.032 
391.000 -0.047 
392.000 -0.058 
393.000 -0.057 
394.000 -0.060 
395.000 -0.039 
396.000 -0.008 
397.000 0.014 
398.000 0.024 
399.000 0.055 
400.000 0.081 
