1.000 0.000 
2.000 0.000 
3.000 0.000 
4.000 0.000 
5.000 0.000 
6.000 0.000 
7.000 0.000 
8.000 0.000 
9.000 0.000 
10.000 0.000 
11.000 0.405 
12.000 0.691 
13.000 0.886 
14.000 1.011 
15.000 1.085 
16.000 1.107 
17.000 1.084 
18.000 1.026 
19.000 0.945 
20.000 0.851 
21.000 0.753 
22.000 0.659 
23.000 0.575 
24.000 0.505 
25.000 0.451 
26.000 0.415 
27.000 0.394 
28.000 0.389 
29.000 0.395 
30.000 0.411 
31.000 0.433 
32.000 0.459 
33.000 0.485 
34.000 0.510 
35.000 0.532 
36.000 0.551 
37.000 0.565 
38.000 0.574 
39.000 0.579 
40.000 0.579 
41.000 0.577 
42.000 0.572 
43.000 0.565 
44.000 0.558 
45.000 0.550 
46.000 0.543 
47.000 0.536 
48.000 0.531 
49.000 0.527 
50.000 0.524 
51.000 0.523 
52.000 0.522 
53.000 0.523 
54.000 0.524 
55.000 0.526 
56.000 0.527 
57.000 0.529 
58.000 0.531 
59.000 0.533 
60.000 0.534 
61.000 0.535 
62.000 0.535 
63.000 0.536 
64.000 0.536 
65.000 0.535 
66.000 0.535 
67.000 0.534 
68.000 0.534 
69.000 0.533 
70.000 0.532 
71.000 0.532 
72.000 0.531 
73.000 0.531 
74.000 0.531 
75.000 0.531 
76.000 0.531 
77.000 0.531 
78.000 0.531 
79.000 0.531 
80.000 0.531 
81.000 0.531 
82.000 0.531 
83.000 0.531 
84.000 0.531 
85.000 0.531 
86.000 0.531 
87.000 0.531 
88.000 0.531 
89.000 0.531 
90.000 0.531 
91.000 0.531 
92.000 0.531 
93.000 0.531 
94.000 0.531 
95.000 0.531 
96.000 0.531 
97.000 0.531 
98.000 0.531 
99.000 0.531 
100.000 0.531 
101.000 0.531 
102.000 0.531 
103.000 0.531 
104.000 0.531 
105.000 0.531 
106.000 0.531 
107.000 0.531 
108.000 0.531 
109.000 0.531 
110.000 0.531 
111.000 0.531 
112.000 0.531 
113.000 0.530 
114.000 0.530 
115.000 0.530 
116.000 0.530 
117.000 0.530 
118.000 0.530 
119.000 0.530 
120.000 0.530 
121.000 0.530 
122.000 0.530 
123.000 0.530 
124.000 0.530 
125.000 0.530 
126.000 0.530 
127.000 0.530 
128.000 0.530 
129.000 0.530 
130.000 0.530 
131.000 0.530 
132.000 0.530 
133.000 0.530 
134.000 0.530 
135.000 0.530 
136.000 0.530 
137.000 0.525 
138.000 0.515 
139.000 0.504 
140.000 0.494 
141.000 0.484 
142.000 0.477 
143.000 0.472 
144.000 0.472 
145.000 0.475 
146.000 0.482 
147.000 0.493 
148.000 0.506 
149.000 0.522 
150.000 0.538 
151.000 0.555 
152.000 0.571 
153.000 0.586 
154.000 0.598 
155.000 0.608 
156.000 0.614 
157.000 0.616 
158.000 0.615 
159.000 0.610 
160.000 0.602 
161.000 0.590 
162.000 0.576 
163.000 0.560 
164.000 0.543 
165.000 0.525 
166.000 0.508 
167.000 0.492 
168.000 0.477 
169.000 0.464 
170.000 0.454 
171.000 0.447 
172.000 0.443 
173.000 0.443 
174.000 0.446 
175.000 0.453 
176.000 0.462 
177.000 0.474 
178.000 0.489 
179.000 0.504 
180.000 0.521 
181.000 0.538 
182.000 0.555 
183.000 0.571 
184.000 0.585 
185.000 0.597 
186.000 0.606 
187.000 0.613 
188.000 0.616 
189.000 0.616 
190.000 0.613 
191.000 0.607 
192.000 0.597 
193.000 0.585 
194.000 0.571 
195.000 0.556 
196.000 0.539 
197.000 0.522 
198.000 0.506 
199.000 0.490 
200.000 0.476 
201.000 0.464 
202.000 0.455 
203.000 0.448 
204.000 0.445 
205.000 0.445 
206.000 0.448 
207.000 0.454 
208.000 0.463 
209.000 0.475 
210.000 0.489 
211.000 0.505 
212.000 0.521 
213.000 0.538 
214.000 0.555 
215.000 0.570 
216.000 0.584 
217.000 0.597 
218.000 0.606 
219.000 0.613 
220.000 0.616 
221.000 0.616 
222.000 0.613 
223.000 0.607 
224.000 0.597 
225.000 0.585 
226.000 0.571 
227.000 0.556 
228.000 0.539 
229.000 0.522 
230.000 0.506 
231.000 0.490 
232.000 0.476 
233.000 0.464 
234.000 0.455 
235.000 0.448 
236.000 0.445 
237.000 0.445 
238.000 0.448 
239.000 0.454 
240.000 0.463 
241.000 0.475 
242.000 0.489 
243.000 0.505 
244.000 0.521 
245.000 0.538 
246.000 0.555 
247.000 0.570 
248.000 0.584 
249.000 0.597 
250.000 0.606 
251.000 0.613 
252.000 0.616 
253.000 0.616 
254.000 0.613 
255.000 0.607 
256.000 0.597 
257.000 0.585 
258.000 0.571 
259.000 0.556 
260.000 0.539 
261.000 0.522 
262.000 0.506 
263.000 0.490 
264.000 0.476 
265.000 0.464 
266.000 0.455 
267.000 0.448 
268.000 0.445 
269.000 0.445 
270.000 0.448 
271.000 0.454 
272.000 0.463 
273.000 0.475 
274.000 0.489 
275.000 0.505 
276.000 0.521 
277.000 0.538 
278.000 0.555 
279.000 0.570 
280.000 0.584 
281.000 0.597 
282.000 0.606 
283.000 0.613 
284.000 0.616 
285.000 0.616 
286.000 0.613 
287.000 0.607 
288.000 0.597 
289.000 0.585 
290.000 0.571 
291.000 0.556 
292.000 0.539 
293.000 0.522 
294.000 0.506 
295.000 0.490 
296.000 0.476 
297.000 0.464 
298.000 0.455 
299.000 0.448 
300.000 0.445 
301.000 0.445 
302.000 0.448 
303.000 0.454 
304.000 0.463 
305.000 0.475 
306.000 0.489 
307.000 0.505 
308.000 0.521 
309.000 0.538 
310.000 0.555 
311.000 0.570 
312.000 0.584 
313.000 0.597 
314.000 0.606 
315.000 0.613 
316.000 0.616 
317.000 0.616 
318.000 0.613 
319.000 0.607 
320.000 0.597 
321.000 0.585 
322.000 0.571 
323.000 0.556 
324.000 0.539 
325.000 0.522 
326.000 0.506 
327.000 0.490 
328.000 0.476 
329.000 0.464 
330.000 0.455 
331.000 0.448 
332.000 0.445 
333.000 0.445 
334.000 0.448 
335.000 0.454 
336.000 0.463 
337.000 0.475 
338.000 0.489 
339.000 0.505 
340.000 0.521 
341.000 0.538 
342.000 0.555 
343.000 0.570 
344.000 0.584 
345.000 0.597 
346.000 0.606 
347.000 0.613 
348.000 0.616 
349.000 0.616 
350.000 0.613 
351.000 0.607 
352.000 0.597 
353.000 0.585 
354.000 0.571 
355.000 0.556 
356.000 0.539 
357.000 0.522 
358.000 0.506 
359.000 0.490 
360.000 0.476 
361.000 0.464 
362.000 0.455 
363.000 0.448 
364.000 0.445 
365.000 0.445 
366.000 0.448 
367.000 0.454 
368.000 0.463 
369.000 0.475 
370.000 0.489 
371.000 0.505 
372.000 0.521 
373.000 0.538 
374.000 0.555 
375.000 0.570 
376.000 0.584 
377.000 0.597 
378.000 0.606 
379.000 0.613 
380.000 0.616 
381.000 0.616 
382.000 0.613 
383.000 0.607 
384.000 0.597 
385.000 0.585 
386.000 0.571 
387.000 0.556 
388.000 0.539 
389.000 0.522 
390.000 0.506 
391.000 0.490 
392.000 0.476 
393.000 0.464 
394.000 0.455 
395.000 0.448 
396.000 0.445 
397.000 0.445 
398.000 0.448 
399.000 0.454 
400.000 0.463 
