1.000 0.000 
2.000 0.000 
3.000 0.000 
4.000 0.000 
5.000 0.000 
6.000 0.000 
7.000 -0.005 
8.000 -0.001 
9.000 0.003 
10.000 0.009 
11.000 0.398 
12.000 0.718 
13.000 0.906 
14.000 1.030 
15.000 1.116 
16.000 1.126 
17.000 1.104 
18.000 1.055 
19.000 0.962 
20.000 0.869 
21.000 0.772 
22.000 0.683 
23.000 0.592 
24.000 0.549 
25.000 0.491 
26.000 0.463 
27.000 0.454 
28.000 0.431 
29.000 0.448 
30.000 0.442 
31.000 0.442 
32.000 0.461 
33.000 0.468 
34.000 0.473 
35.000 0.490 
36.000 0.492 
37.000 0.526 
38.000 0.512 
39.000 0.544 
40.000 0.575 
41.000 0.554 
42.000 0.569 
43.000 0.561 
44.000 0.566 
45.000 0.574 
46.000 0.613 
47.000 0.588 
48.000 0.599 
49.000 0.597 
50.000 0.582 
51.000 0.597 
52.000 0.589 
53.000 0.559 
54.000 0.544 
55.000 0.553 
56.000 0.570 
57.000 0.563 
58.000 0.557 
59.000 0.542 
60.000 0.540 
61.000 0.550 
62.000 0.532 
63.000 0.549 
64.000 0.555 
65.000 0.561 
66.000 0.579 
67.000 0.579 
68.000 0.593 
69.000 0.591 
70.000 0.594 
71.000 0.591 
72.000 0.588 
73.000 0.556 
74.000 0.539 
75.000 0.524 
76.000 0.532 
77.000 0.539 
78.000 0.560 
79.000 0.513 
80.000 0.513 
81.000 0.507 
82.000 0.515 
83.000 0.523 
84.000 0.509 
85.000 0.490 
86.000 0.525 
87.000 0.522 
88.000 0.526 
89.000 0.562 
90.000 0.545 
91.000 0.562 
92.000 0.530 
93.000 0.542 
94.000 0.524 
95.000 0.537 
96.000 0.535 
97.000 0.550 
98.000 0.540 
99.000 0.523 
100.000 0.537 
101.000 0.522 
102.000 0.528 
103.000 0.520 
104.000 0.500 
105.000 0.501 
106.000 0.514 
107.000 0.522 
108.000 0.525 
109.000 0.534 
110.000 0.553 
111.000 0.551 
112.000 0.535 
113.000 0.545 
114.000 0.541 
115.000 0.571 
116.000 0.571 
117.000 0.594 
118.000 0.596 
119.000 0.588 
120.000 0.563 
121.000 0.531 
122.000 0.523 
123.000 0.508 
124.000 0.479 
125.000 0.466 
126.000 0.449 
127.000 0.438 
128.000 0.466 
129.000 0.456 
130.000 0.473 
131.000 0.498 
132.000 0.521 
133.000 0.514 
134.000 0.547 
135.000 0.409 
136.000 0.286 
137.000 0.108 
138.000 -0.048 
139.000 -0.224 
140.000 -0.362 
141.000 -0.524 
142.000 -0.615 
143.000 -0.691 
144.000 -0.707 
145.000 -0.727 
146.000 -0.703 
147.000 -0.637 
148.000 -0.582 
149.000 -0.502 
150.000 -0.432 
151.000 -0.355 
152.000 -0.288 
153.000 -0.217 
154.000 -0.172 
155.000 -0.151 
156.000 -0.154 
157.000 -0.120 
158.000 -0.169 
159.000 -0.190 
160.000 -0.204 
161.000 -0.216 
162.000 -0.218 
163.000 -0.239 
164.000 -0.221 
165.000 -0.212 
166.000 -0.216 
167.000 -0.205 
168.000 -0.205 
169.000 -0.198 
170.000 -0.179 
171.000 -0.162 
172.000 -0.164 
173.000 -0.135 
174.000 -0.146 
175.000 -0.141 
176.000 -0.136 
177.000 -0.130 
178.000 -0.132 
179.000 -0.182 
180.000 -0.162 
181.000 -0.141 
182.000 -0.175 
183.000 -0.165 
184.000 -0.144 
185.000 -0.179 
186.000 -0.163 
187.000 -0.158 
188.000 -0.134 
189.000 -0.107 
190.000 -0.065 
191.000 -0.045 
192.000 -0.007 
193.000 -0.004 
194.000 0.016 
195.000 -0.012 
196.000 -0.033 
197.000 -0.044 
198.000 -0.057 
199.000 -0.093 
200.000 -0.081 
201.000 -0.106 
202.000 -0.093 
203.000 -0.089 
204.000 -0.074 
205.000 -0.077 
206.000 -0.053 
207.000 -0.032 
208.000 -0.037 
209.000 -0.020 
210.000 -0.025 
211.000 -0.017 
212.000 -0.026 
213.000 0.013 
214.000 -0.011 
215.000 -0.038 
216.000 -0.052 
217.000 -0.075 
218.000 -0.082 
219.000 -0.098 
220.000 -0.108 
221.000 -0.110 
222.000 -0.094 
223.000 -0.087 
224.000 -0.074 
225.000 -0.056 
226.000 -0.060 
227.000 -0.087 
228.000 -0.051 
229.000 -0.062 
230.000 -0.036 
231.000 -0.061 
232.000 -0.071 
233.000 -0.039 
234.000 -0.080 
235.000 -0.052 
236.000 -0.063 
237.000 -0.077 
238.000 -0.073 
239.000 -0.110 
240.000 -0.145 
241.000 -0.141 
242.000 -0.116 
243.000 -0.116 
244.000 -0.089 
245.000 -0.062 
246.000 -0.026 
247.000 -0.011 
248.000 -0.027 
249.000 0.003 
250.000 0.003 
251.000 -0.019 
252.000 -0.039 
253.000 -0.051 
254.000 -0.078 
255.000 -0.099 
256.000 -0.099 
257.000 -0.113 
258.000 -0.105 
259.000 -0.087 
260.000 -0.091 
261.000 -0.075 
262.000 -0.060 
263.000 -0.055 
264.000 -0.059 
265.000 -0.055 
266.000 -0.054 
267.000 -0.056 
268.000 -0.054 
269.000 -0.041 
270.000 -0.055 
271.000 -0.070 
272.000 -0.055 
273.000 -0.090 
274.000 -0.079 
275.000 -0.079 
276.000 -0.064 
277.000 -0.050 
278.000 -0.028 
279.000 -0.026 
280.000 -0.039 
281.000 -0.036 
282.000 -0.050 
283.000 -0.073 
284.000 -0.034 
285.000 -0.049 
286.000 -0.050 
287.000 -0.056 
288.000 -0.030 
289.000 -0.018 
290.000 -0.030 
291.000 -0.020 
292.000 -0.029 
293.000 -0.012 
294.000 0.006 
295.000 -0.014 
296.000 -0.029 
297.000 -0.055 
298.000 -0.033 
299.000 -0.030 
300.000 -0.016 
301.000 -0.019 
302.000 -0.005 
303.000 -0.026 
304.000 0.003 
305.000 0.018 
306.000 0.006 
307.000 -0.013 
308.000 -0.001 
309.000 0.005 
310.000 -0.006 
311.000 0.013 
312.000 -0.000 
313.000 -0.017 
314.000 -0.024 
315.000 -0.004 
316.000 -0.014 
317.000 -0.016 
318.000 -0.051 
319.000 -0.063 
320.000 -0.071 
321.000 -0.104 
322.000 -0.090 
323.000 -0.096 
324.000 -0.118 
325.000 -0.131 
326.000 -0.134 
327.000 -0.137 
328.000 -0.121 
329.000 -0.128 
330.000 -0.098 
331.000 -0.098 
332.000 -0.083 
333.000 -0.087 
334.000 -0.064 
335.000 -0.069 
336.000 -0.071 
337.000 -0.048 
338.000 -0.051 
339.000 -0.070 
340.000 -0.062 
341.000 -0.057 
342.000 -0.066 
343.000 -0.057 
344.000 -0.064 
345.000 -0.056 
346.000 -0.054 
347.000 -0.058 
348.000 -0.074 
349.000 -0.075 
350.000 -0.101 
351.000 -0.063 
352.000 -0.066 
353.000 -0.063 
354.000 -0.040 
355.000 -0.014 
356.000 -0.019 
357.000 -0.017 
358.000 -0.016 
359.000 -0.023 
360.000 -0.013 
361.000 -0.015 
362.000 -0.019 
363.000 -0.011 
364.000 -0.022 
365.000 -0.061 
366.000 -0.049 
367.000 -0.073 
368.000 -0.061 
369.000 -0.092 
370.000 -0.070 
371.000 -0.078 
372.000 -0.062 
373.000 -0.067 
374.000 -0.057 
375.000 -0.051 
376.000 -0.094 
377.000 -0.069 
378.000 -0.076 
379.000 -0.119 
380.000 -0.088 
381.000 -0.104 
382.000 -0.078 
383.000 -0.093 
384.000 -0.082 
385.000 -0.082 
386.000 -0.067 
387.000 -0.066 
388.000 -0.081 
389.000 -0.032 
390.000 -0.012 
391.000 -0.014 
392.000 0.010 
393.000 0.018 
394.000 0.044 
395.000 0.051 
396.000 0.053 
397.000 0.059 
398.000 0.061 
399.000 0.053 
400.000 0.054 
