1.000 0.000 
2.000 0.000 
3.000 0.000 
4.000 0.000 
5.000 0.000 
6.000 0.000 
7.000 0.000 
8.000 0.000 
9.000 0.000 
10.000 0.000 
11.000 0.405 
12.000 0.691 
13.000 0.886 
14.000 1.011 
15.000 1.085 
16.000 1.107 
17.000 1.084 
18.000 1.026 
19.000 0.945 
20.000 0.851 
21.000 0.753 
22.000 0.659 
23.000 0.575 
24.000 0.505 
25.000 0.451 
26.000 0.415 
27.000 0.394 
28.000 0.389 
29.000 0.395 
30.000 0.411 
31.000 0.433 
32.000 0.459 
33.000 0.485 
34.000 0.510 
35.000 0.532 
36.000 0.551 
37.000 0.565 
38.000 0.574 
39.000 0.579 
40.000 0.579 
41.000 0.577 
42.000 0.572 
43.000 0.565 
44.000 0.558 
45.000 0.550 
46.000 0.543 
47.000 0.536 
48.000 0.531 
49.000 0.527 
50.000 0.524 
51.000 0.523 
52.000 0.522 
53.000 0.523 
54.000 0.524 
55.000 0.526 
56.000 0.527 
57.000 0.529 
58.000 0.531 
59.000 0.533 
60.000 0.534 
61.000 0.535 
62.000 0.535 
63.000 0.536 
64.000 0.536 
65.000 0.535 
66.000 0.535 
67.000 0.534 
68.000 0.534 
69.000 0.533 
70.000 0.532 
71.000 0.532 
72.000 0.531 
73.000 0.531 
74.000 0.531 
75.000 0.531 
76.000 0.531 
77.000 0.531 
78.000 0.531 
79.000 0.531 
80.000 0.531 
81.000 0.531 
82.000 0.531 
83.000 0.531 
84.000 0.531 
85.000 0.531 
86.000 0.531 
87.000 0.531 
88.000 0.531 
89.000 0.531 
90.000 0.531 
91.000 0.531 
92.000 0.531 
93.000 0.531 
94.000 0.531 
95.000 0.531 
96.000 0.531 
97.000 0.531 
98.000 0.531 
99.000 0.531 
100.000 0.531 
101.000 0.531 
102.000 0.531 
103.000 0.531 
104.000 0.531 
105.000 0.531 
106.000 0.531 
107.000 0.531 
108.000 0.531 
109.000 0.531 
110.000 0.531 
111.000 0.531 
112.000 0.531 
113.000 0.530 
114.000 0.530 
115.000 0.530 
116.000 0.530 
117.000 0.530 
118.000 0.530 
119.000 0.530 
120.000 0.530 
121.000 0.530 
122.000 0.530 
123.000 0.530 
124.000 0.530 
125.000 0.530 
126.000 0.530 
127.000 0.530 
128.000 0.530 
129.000 0.530 
130.000 0.530 
131.000 0.530 
132.000 0.530 
133.000 0.530 
134.000 0.530 
135.000 0.530 
136.000 0.530 
137.000 0.513 
138.000 0.485 
139.000 0.453 
140.000 0.420 
141.000 0.392 
142.000 0.369 
143.000 0.357 
144.000 0.355 
145.000 0.365 
146.000 0.386 
147.000 0.418 
148.000 0.458 
149.000 0.504 
150.000 0.554 
151.000 0.604 
152.000 0.653 
153.000 0.697 
154.000 0.734 
155.000 0.763 
156.000 0.781 
157.000 0.788 
158.000 0.784 
159.000 0.769 
160.000 0.744 
161.000 0.710 
162.000 0.668 
163.000 0.620 
164.000 0.568 
165.000 0.515 
166.000 0.463 
167.000 0.414 
168.000 0.369 
169.000 0.331 
170.000 0.301 
171.000 0.281 
172.000 0.270 
173.000 0.269 
174.000 0.279 
175.000 0.298 
176.000 0.326 
177.000 0.363 
178.000 0.405 
179.000 0.453 
180.000 0.503 
181.000 0.554 
182.000 0.604 
183.000 0.651 
184.000 0.694 
185.000 0.730 
186.000 0.758 
187.000 0.778 
188.000 0.788 
189.000 0.788 
190.000 0.779 
191.000 0.759 
192.000 0.731 
193.000 0.696 
194.000 0.654 
195.000 0.607 
196.000 0.557 
197.000 0.506 
198.000 0.457 
199.000 0.410 
200.000 0.368 
201.000 0.332 
202.000 0.303 
203.000 0.283 
204.000 0.273 
205.000 0.273 
206.000 0.283 
207.000 0.302 
208.000 0.330 
209.000 0.365 
210.000 0.407 
211.000 0.454 
212.000 0.503 
213.000 0.554 
214.000 0.604 
215.000 0.651 
216.000 0.693 
217.000 0.729 
218.000 0.757 
219.000 0.777 
220.000 0.787 
221.000 0.788 
222.000 0.778 
223.000 0.759 
224.000 0.731 
225.000 0.696 
226.000 0.654 
227.000 0.607 
228.000 0.557 
229.000 0.507 
230.000 0.457 
231.000 0.410 
232.000 0.368 
233.000 0.332 
234.000 0.303 
235.000 0.284 
236.000 0.273 
237.000 0.273 
238.000 0.283 
239.000 0.302 
240.000 0.329 
241.000 0.365 
242.000 0.407 
243.000 0.454 
244.000 0.503 
245.000 0.554 
246.000 0.604 
247.000 0.651 
248.000 0.693 
249.000 0.729 
250.000 0.757 
251.000 0.777 
252.000 0.787 
253.000 0.788 
254.000 0.778 
255.000 0.759 
256.000 0.731 
257.000 0.696 
258.000 0.654 
259.000 0.607 
260.000 0.557 
261.000 0.507 
262.000 0.457 
263.000 0.410 
264.000 0.368 
265.000 0.332 
266.000 0.303 
267.000 0.284 
268.000 0.273 
269.000 0.273 
270.000 0.283 
271.000 0.302 
272.000 0.329 
273.000 0.365 
274.000 0.407 
275.000 0.454 
276.000 0.503 
277.000 0.554 
278.000 0.604 
279.000 0.651 
280.000 0.693 
281.000 0.729 
282.000 0.757 
283.000 0.777 
284.000 0.787 
285.000 0.788 
286.000 0.778 
287.000 0.759 
288.000 0.731 
289.000 0.696 
290.000 0.654 
291.000 0.607 
292.000 0.557 
293.000 0.507 
294.000 0.457 
295.000 0.410 
296.000 0.368 
297.000 0.332 
298.000 0.303 
299.000 0.284 
300.000 0.273 
301.000 0.273 
302.000 0.283 
303.000 0.302 
304.000 0.329 
305.000 0.365 
306.000 0.407 
307.000 0.454 
308.000 0.503 
309.000 0.554 
310.000 0.604 
311.000 0.651 
312.000 0.693 
313.000 0.729 
314.000 0.757 
315.000 0.777 
316.000 0.787 
317.000 0.788 
318.000 0.778 
319.000 0.759 
320.000 0.731 
321.000 0.696 
322.000 0.654 
323.000 0.607 
324.000 0.557 
325.000 0.507 
326.000 0.457 
327.000 0.410 
328.000 0.368 
329.000 0.332 
330.000 0.303 
331.000 0.284 
332.000 0.273 
333.000 0.273 
334.000 0.283 
335.000 0.302 
336.000 0.329 
337.000 0.365 
338.000 0.407 
339.000 0.454 
340.000 0.503 
341.000 0.554 
342.000 0.604 
343.000 0.651 
344.000 0.693 
345.000 0.729 
346.000 0.757 
347.000 0.777 
348.000 0.787 
349.000 0.788 
350.000 0.778 
351.000 0.759 
352.000 0.731 
353.000 0.696 
354.000 0.654 
355.000 0.607 
356.000 0.557 
357.000 0.507 
358.000 0.457 
359.000 0.410 
360.000 0.368 
361.000 0.332 
362.000 0.303 
363.000 0.284 
364.000 0.273 
365.000 0.273 
366.000 0.283 
367.000 0.302 
368.000 0.329 
369.000 0.365 
370.000 0.407 
371.000 0.454 
372.000 0.503 
373.000 0.554 
374.000 0.604 
375.000 0.651 
376.000 0.693 
377.000 0.729 
378.000 0.757 
379.000 0.777 
380.000 0.787 
381.000 0.788 
382.000 0.778 
383.000 0.759 
384.000 0.731 
385.000 0.696 
386.000 0.654 
387.000 0.607 
388.000 0.557 
389.000 0.507 
390.000 0.457 
391.000 0.410 
392.000 0.368 
393.000 0.332 
394.000 0.303 
395.000 0.284 
396.000 0.273 
397.000 0.273 
398.000 0.283 
399.000 0.302 
400.000 0.329 
