1.000 0.000 
2.000 0.000 
3.000 0.000 
4.000 0.000 
5.000 0.000 
6.000 0.000 
7.000 -0.180 
8.000 -0.276 
9.000 -0.411 
10.000 -0.565 
11.000 -0.193 
12.000 0.084 
13.000 0.214 
14.000 0.287 
15.000 0.358 
16.000 0.366 
17.000 0.295 
18.000 0.303 
19.000 0.190 
20.000 0.200 
21.000 0.117 
22.000 0.250 
23.000 0.110 
24.000 0.335 
25.000 0.315 
26.000 0.419 
27.000 0.562 
28.000 0.568 
29.000 0.604 
30.000 0.523 
31.000 0.542 
32.000 0.467 
33.000 0.428 
34.000 0.280 
35.000 0.192 
36.000 0.180 
37.000 0.147 
38.000 0.012 
39.000 0.094 
40.000 0.044 
41.000 0.186 
42.000 0.288 
43.000 0.293 
44.000 0.355 
45.000 0.356 
46.000 0.483 
47.000 0.420 
48.000 0.468 
49.000 0.493 
50.000 0.375 
51.000 0.310 
52.000 0.511 
53.000 0.424 
54.000 0.539 
55.000 0.577 
56.000 0.669 
57.000 0.564 
58.000 0.528 
59.000 0.496 
60.000 0.420 
61.000 0.366 
62.000 0.293 
63.000 0.273 
64.000 0.289 
65.000 0.261 
66.000 0.332 
67.000 0.397 
68.000 0.466 
69.000 0.530 
70.000 0.586 
71.000 0.431 
72.000 0.612 
73.000 0.658 
74.000 0.629 
75.000 0.659 
76.000 0.725 
77.000 0.687 
78.000 0.636 
79.000 0.729 
80.000 0.709 
81.000 0.794 
82.000 0.750 
83.000 0.739 
84.000 0.671 
85.000 0.741 
86.000 0.650 
87.000 0.640 
88.000 0.490 
89.000 0.462 
90.000 0.462 
91.000 0.434 
92.000 0.462 
93.000 0.341 
94.000 0.430 
95.000 0.548 
96.000 0.553 
97.000 0.502 
98.000 0.505 
99.000 0.510 
100.000 0.362 
101.000 0.434 
102.000 0.371 
103.000 0.445 
104.000 0.497 
105.000 0.541 
106.000 0.524 
107.000 0.409 
108.000 0.400 
109.000 0.480 
110.000 0.454 
111.000 0.506 
112.000 0.537 
113.000 0.467 
114.000 0.488 
115.000 0.417 
116.000 0.386 
117.000 0.448 
118.000 0.349 
119.000 0.493 
120.000 0.411 
121.000 0.419 
122.000 0.364 
123.000 0.515 
124.000 0.507 
125.000 0.537 
126.000 0.561 
127.000 0.519 
128.000 0.496 
129.000 0.453 
130.000 0.439 
131.000 0.292 
132.000 0.344 
133.000 0.310 
134.000 0.370 
135.000 0.226 
136.000 0.089 
137.000 0.096 
138.000 -0.071 
139.000 -0.116 
140.000 -0.304 
141.000 -0.215 
142.000 -0.180 
143.000 -0.380 
144.000 -0.335 
145.000 -0.210 
146.000 -0.129 
147.000 -0.138 
148.000 -0.133 
149.000 -0.142 
150.000 -0.232 
151.000 -0.266 
152.000 -0.302 
153.000 -0.431 
154.000 -0.606 
155.000 -0.598 
156.000 -0.615 
157.000 -0.703 
158.000 -0.609 
159.000 -0.458 
160.000 -0.404 
161.000 -0.322 
162.000 -0.233 
163.000 -0.062 
164.000 0.023 
165.000 0.126 
166.000 0.078 
167.000 0.131 
168.000 0.058 
169.000 -0.009 
170.000 -0.035 
171.000 0.062 
172.000 -0.052 
173.000 -0.109 
174.000 -0.055 
175.000 -0.095 
176.000 -0.071 
177.000 -0.227 
178.000 -0.193 
179.000 -0.239 
180.000 -0.164 
181.000 -0.131 
182.000 -0.013 
183.000 -0.063 
184.000 -0.051 
185.000 0.043 
186.000 -0.209 
187.000 -0.226 
188.000 -0.292 
189.000 -0.483 
190.000 -0.277 
191.000 -0.345 
192.000 -0.298 
193.000 -0.260 
194.000 -0.110 
195.000 -0.118 
196.000 0.136 
197.000 0.125 
198.000 0.155 
199.000 0.193 
200.000 0.160 
201.000 0.206 
202.000 0.106 
203.000 0.112 
204.000 0.188 
205.000 0.140 
206.000 0.168 
207.000 0.218 
208.000 0.138 
209.000 0.128 
210.000 0.109 
211.000 0.104 
212.000 -0.086 
213.000 -0.183 
214.000 -0.207 
215.000 -0.279 
216.000 -0.432 
217.000 -0.559 
218.000 -0.626 
219.000 -0.588 
220.000 -0.535 
221.000 -0.551 
222.000 -0.378 
223.000 -0.219 
224.000 -0.100 
225.000 -0.069 
226.000 0.034 
227.000 0.071 
228.000 0.017 
229.000 0.028 
230.000 0.103 
231.000 -0.009 
232.000 -0.036 
233.000 -0.042 
234.000 -0.034 
235.000 -0.013 
236.000 -0.024 
237.000 0.048 
238.000 0.081 
239.000 0.207 
240.000 0.233 
241.000 0.301 
242.000 0.247 
243.000 0.134 
244.000 0.037 
245.000 -0.102 
246.000 -0.220 
247.000 -0.332 
248.000 -0.443 
249.000 -0.404 
250.000 -0.495 
251.000 -0.347 
252.000 -0.377 
253.000 -0.217 
254.000 -0.084 
255.000 0.019 
256.000 0.200 
257.000 0.243 
258.000 0.213 
259.000 0.276 
260.000 0.205 
261.000 0.164 
262.000 0.011 
263.000 -0.015 
264.000 -0.116 
265.000 -0.362 
266.000 -0.448 
267.000 -0.407 
268.000 -0.548 
269.000 -0.431 
270.000 -0.418 
271.000 -0.365 
272.000 -0.347 
273.000 -0.216 
274.000 -0.201 
275.000 -0.261 
276.000 -0.020 
277.000 0.054 
278.000 -0.005 
279.000 0.100 
280.000 0.116 
281.000 0.055 
282.000 -0.108 
283.000 0.014 
284.000 0.005 
285.000 -0.022 
286.000 -0.020 
287.000 -0.021 
288.000 0.012 
289.000 -0.090 
290.000 0.012 
291.000 -0.039 
292.000 -0.109 
293.000 -0.122 
294.000 -0.078 
295.000 -0.110 
296.000 -0.073 
297.000 -0.021 
298.000 -0.122 
299.000 -0.054 
300.000 -0.014 
301.000 0.042 
302.000 0.031 
303.000 0.175 
304.000 0.288 
305.000 0.264 
306.000 0.397 
307.000 0.397 
308.000 0.316 
309.000 0.220 
310.000 0.043 
311.000 0.062 
312.000 -0.135 
313.000 -0.212 
314.000 -0.370 
315.000 -0.403 
316.000 -0.497 
317.000 -0.575 
318.000 -0.506 
319.000 -0.449 
320.000 -0.287 
321.000 -0.218 
322.000 -0.137 
323.000 0.026 
324.000 0.079 
325.000 0.173 
326.000 0.236 
327.000 0.184 
328.000 0.135 
329.000 0.027 
330.000 0.083 
331.000 0.005 
332.000 -0.086 
333.000 0.003 
334.000 -0.205 
335.000 -0.184 
336.000 -0.163 
337.000 -0.268 
338.000 -0.269 
339.000 -0.267 
340.000 -0.196 
341.000 -0.042 
342.000 0.047 
343.000 0.151 
344.000 0.168 
345.000 0.176 
346.000 0.261 
347.000 0.157 
348.000 0.095 
349.000 0.067 
350.000 0.081 
351.000 -0.060 
352.000 -0.060 
353.000 -0.019 
354.000 -0.081 
355.000 -0.118 
356.000 0.007 
357.000 -0.178 
358.000 0.052 
359.000 0.126 
360.000 0.025 
361.000 0.059 
362.000 0.097 
363.000 0.072 
364.000 -0.004 
365.000 0.056 
366.000 -0.071 
367.000 -0.126 
368.000 -0.142 
369.000 -0.190 
370.000 -0.153 
371.000 -0.103 
372.000 -0.071 
373.000 -0.129 
374.000 -0.056 
375.000 -0.016 
376.000 0.066 
377.000 0.153 
378.000 0.151 
379.000 0.091 
380.000 0.013 
381.000 -0.042 
382.000 -0.062 
383.000 -0.092 
384.000 -0.163 
385.000 -0.246 
386.000 -0.316 
387.000 -0.139 
388.000 -0.184 
389.000 -0.063 
390.000 -0.002 
391.000 -0.096 
392.000 0.044 
393.000 0.164 
394.000 0.128 
395.000 0.165 
396.000 0.196 
397.000 0.105 
398.000 0.055 
399.000 -0.011 
400.000 -0.035 
