1.000 0.000 
2.000 0.000 
3.000 0.000 
4.000 0.000 
5.000 0.000 
6.000 0.000 
7.000 0.000 
8.000 0.000 
9.000 0.000 
10.000 0.000 
11.000 0.405 
12.000 0.691 
13.000 0.886 
14.000 1.011 
15.000 1.085 
16.000 1.107 
17.000 1.084 
18.000 1.026 
19.000 0.945 
20.000 0.851 
21.000 0.753 
22.000 0.659 
23.000 0.575 
24.000 0.505 
25.000 0.451 
26.000 0.415 
27.000 0.394 
28.000 0.389 
29.000 0.395 
30.000 0.411 
31.000 0.433 
32.000 0.459 
33.000 0.485 
34.000 0.510 
35.000 0.532 
36.000 0.551 
37.000 0.565 
38.000 0.574 
39.000 0.579 
40.000 0.579 
41.000 0.577 
42.000 0.572 
43.000 0.565 
44.000 0.558 
45.000 0.550 
46.000 0.543 
47.000 0.536 
48.000 0.531 
49.000 0.527 
50.000 0.524 
51.000 0.523 
52.000 0.522 
53.000 0.523 
54.000 0.524 
55.000 0.526 
56.000 0.527 
57.000 0.529 
58.000 0.531 
59.000 0.533 
60.000 0.534 
61.000 0.535 
62.000 0.535 
63.000 0.536 
64.000 0.536 
65.000 0.535 
66.000 0.535 
67.000 0.534 
68.000 0.534 
69.000 0.533 
70.000 0.532 
71.000 0.532 
72.000 0.531 
73.000 0.531 
74.000 0.531 
75.000 0.531 
76.000 0.531 
77.000 0.531 
78.000 0.531 
79.000 0.531 
80.000 0.531 
81.000 0.531 
82.000 0.531 
83.000 0.531 
84.000 0.531 
85.000 0.531 
86.000 0.531 
87.000 0.531 
88.000 0.531 
89.000 0.531 
90.000 0.531 
91.000 0.531 
92.000 0.531 
93.000 0.531 
94.000 0.531 
95.000 0.531 
96.000 0.531 
97.000 0.531 
98.000 0.531 
99.000 0.531 
100.000 0.531 
101.000 0.531 
102.000 0.531 
103.000 0.531 
104.000 0.531 
105.000 0.531 
106.000 0.531 
107.000 0.531 
108.000 0.531 
109.000 0.531 
110.000 0.531 
111.000 0.531 
112.000 0.531 
113.000 0.530 
114.000 0.530 
115.000 0.530 
116.000 0.530 
117.000 0.530 
118.000 0.530 
119.000 0.530 
120.000 0.530 
121.000 0.530 
122.000 0.530 
123.000 0.530 
124.000 0.530 
125.000 0.530 
126.000 0.530 
127.000 0.530 
128.000 0.530 
129.000 0.530 
130.000 0.530 
131.000 0.530 
132.000 0.530 
133.000 0.530 
134.000 0.530 
135.000 0.451 
136.000 0.389 
137.000 0.315 
138.000 0.238 
139.000 0.170 
140.000 0.118 
141.000 0.089 
142.000 0.089 
143.000 0.119 
144.000 0.179 
145.000 0.265 
146.000 0.374 
147.000 0.498 
148.000 0.631 
149.000 0.766 
150.000 0.894 
151.000 1.010 
152.000 1.106 
153.000 1.177 
154.000 1.221 
155.000 1.235 
156.000 1.218 
157.000 1.170 
158.000 1.095 
159.000 0.996 
160.000 0.877 
161.000 0.743 
162.000 0.600 
163.000 0.455 
164.000 0.312 
165.000 0.179 
166.000 0.060 
167.000 -0.040 
168.000 -0.116 
169.000 -0.167 
170.000 -0.191 
171.000 -0.185 
172.000 -0.152 
173.000 -0.092 
174.000 -0.008 
175.000 0.097 
176.000 0.218 
177.000 0.351 
178.000 0.491 
179.000 0.632 
180.000 0.769 
181.000 0.897 
182.000 1.010 
183.000 1.104 
184.000 1.177 
185.000 1.224 
186.000 1.245 
187.000 1.238 
188.000 1.204 
189.000 1.144 
190.000 1.061 
191.000 0.958 
192.000 0.838 
193.000 0.706 
194.000 0.568 
195.000 0.428 
196.000 0.292 
197.000 0.166 
198.000 0.053 
199.000 -0.041 
200.000 -0.113 
201.000 -0.161 
202.000 -0.182 
203.000 -0.175 
204.000 -0.142 
205.000 -0.082 
206.000 0.000 
207.000 0.104 
208.000 0.223 
209.000 0.355 
210.000 0.493 
211.000 0.632 
212.000 0.768 
213.000 0.894 
214.000 1.007 
215.000 1.101 
216.000 1.174 
217.000 1.221 
218.000 1.242 
219.000 1.236 
220.000 1.203 
221.000 1.143 
222.000 1.061 
223.000 0.957 
224.000 0.838 
225.000 0.706 
226.000 0.568 
227.000 0.429 
228.000 0.293 
229.000 0.166 
230.000 0.054 
231.000 -0.041 
232.000 -0.113 
233.000 -0.161 
234.000 -0.182 
235.000 -0.175 
236.000 -0.142 
237.000 -0.083 
238.000 0.000 
239.000 0.103 
240.000 0.223 
241.000 0.354 
242.000 0.492 
243.000 0.632 
244.000 0.768 
245.000 0.894 
246.000 1.007 
247.000 1.101 
248.000 1.174 
249.000 1.221 
250.000 1.242 
251.000 1.236 
252.000 1.203 
253.000 1.143 
254.000 1.061 
255.000 0.957 
256.000 0.838 
257.000 0.706 
258.000 0.568 
259.000 0.429 
260.000 0.293 
261.000 0.166 
262.000 0.054 
263.000 -0.041 
264.000 -0.113 
265.000 -0.161 
266.000 -0.182 
267.000 -0.175 
268.000 -0.142 
269.000 -0.083 
270.000 0.000 
271.000 0.103 
272.000 0.223 
273.000 0.354 
274.000 0.492 
275.000 0.632 
276.000 0.768 
277.000 0.894 
278.000 1.007 
279.000 1.101 
280.000 1.174 
281.000 1.221 
282.000 1.242 
283.000 1.236 
284.000 1.203 
285.000 1.143 
286.000 1.061 
287.000 0.957 
288.000 0.838 
289.000 0.706 
290.000 0.568 
291.000 0.429 
292.000 0.293 
293.000 0.166 
294.000 0.054 
295.000 -0.041 
296.000 -0.113 
297.000 -0.161 
298.000 -0.182 
299.000 -0.175 
300.000 -0.142 
301.000 -0.083 
302.000 0.000 
303.000 0.103 
304.000 0.223 
305.000 0.354 
306.000 0.492 
307.000 0.632 
308.000 0.768 
309.000 0.894 
310.000 1.007 
311.000 1.101 
312.000 1.174 
313.000 1.221 
314.000 1.242 
315.000 1.236 
316.000 1.203 
317.000 1.143 
318.000 1.061 
319.000 0.957 
320.000 0.838 
321.000 0.706 
322.000 0.568 
323.000 0.429 
324.000 0.293 
325.000 0.166 
326.000 0.054 
327.000 -0.041 
328.000 -0.113 
329.000 -0.161 
330.000 -0.182 
331.000 -0.175 
332.000 -0.142 
333.000 -0.083 
334.000 0.000 
335.000 0.103 
336.000 0.223 
337.000 0.354 
338.000 0.492 
339.000 0.632 
340.000 0.768 
341.000 0.894 
342.000 1.007 
343.000 1.101 
344.000 1.174 
345.000 1.221 
346.000 1.242 
347.000 1.236 
348.000 1.203 
349.000 1.143 
350.000 1.061 
351.000 0.957 
352.000 0.838 
353.000 0.706 
354.000 0.568 
355.000 0.429 
356.000 0.293 
357.000 0.166 
358.000 0.054 
359.000 -0.041 
360.000 -0.113 
361.000 -0.161 
362.000 -0.182 
363.000 -0.175 
364.000 -0.142 
365.000 -0.083 
366.000 0.000 
367.000 0.103 
368.000 0.223 
369.000 0.354 
370.000 0.492 
371.000 0.632 
372.000 0.768 
373.000 0.894 
374.000 1.007 
375.000 1.101 
376.000 1.174 
377.000 1.221 
378.000 1.242 
379.000 1.236 
380.000 1.203 
381.000 1.143 
382.000 1.061 
383.000 0.957 
384.000 0.838 
385.000 0.706 
386.000 0.568 
387.000 0.429 
388.000 0.293 
389.000 0.166 
390.000 0.054 
391.000 -0.041 
392.000 -0.113 
393.000 -0.161 
394.000 -0.182 
395.000 -0.175 
396.000 -0.142 
397.000 -0.083 
398.000 0.000 
399.000 0.103 
400.000 0.223 
