1.000 0.000 
2.000 0.000 
3.000 0.000 
4.000 0.000 
5.000 0.000 
6.000 0.000 
7.000 0.000 
8.000 0.000 
9.000 0.000 
10.000 0.000 
11.000 0.405 
12.000 0.691 
13.000 0.886 
14.000 1.011 
15.000 1.085 
16.000 1.107 
17.000 1.084 
18.000 1.026 
19.000 0.945 
20.000 0.851 
21.000 0.753 
22.000 0.659 
23.000 0.575 
24.000 0.505 
25.000 0.451 
26.000 0.415 
27.000 0.394 
28.000 0.389 
29.000 0.395 
30.000 0.411 
31.000 0.433 
32.000 0.459 
33.000 0.485 
34.000 0.510 
35.000 0.532 
36.000 0.551 
37.000 0.565 
38.000 0.574 
39.000 0.579 
40.000 0.579 
41.000 0.577 
42.000 0.572 
43.000 0.565 
44.000 0.558 
45.000 0.550 
46.000 0.543 
47.000 0.536 
48.000 0.531 
49.000 0.527 
50.000 0.524 
51.000 0.523 
52.000 0.522 
53.000 0.523 
54.000 0.524 
55.000 0.526 
56.000 0.527 
57.000 0.529 
58.000 0.531 
59.000 0.533 
60.000 0.534 
61.000 0.535 
62.000 0.535 
63.000 0.536 
64.000 0.536 
65.000 0.535 
66.000 0.535 
67.000 0.534 
68.000 0.534 
69.000 0.533 
70.000 0.532 
71.000 0.532 
72.000 0.531 
73.000 0.531 
74.000 0.531 
75.000 0.531 
76.000 0.531 
77.000 0.531 
78.000 0.531 
79.000 0.531 
80.000 0.531 
81.000 0.531 
82.000 0.531 
83.000 0.531 
84.000 0.531 
85.000 0.531 
86.000 0.531 
87.000 0.531 
88.000 0.531 
89.000 0.531 
90.000 0.531 
91.000 0.531 
92.000 0.531 
93.000 0.531 
94.000 0.531 
95.000 0.531 
96.000 0.531 
97.000 0.531 
98.000 0.531 
99.000 0.531 
100.000 0.531 
101.000 0.531 
102.000 0.531 
103.000 0.531 
104.000 0.531 
105.000 0.531 
106.000 0.531 
107.000 0.531 
108.000 0.531 
109.000 0.531 
110.000 0.531 
111.000 0.531 
112.000 0.531 
113.000 0.530 
114.000 0.530 
115.000 0.530 
116.000 0.530 
117.000 0.530 
118.000 0.530 
119.000 0.530 
120.000 0.530 
121.000 0.530 
122.000 0.530 
123.000 0.530 
124.000 0.530 
125.000 0.530 
126.000 0.530 
127.000 0.530 
128.000 0.530 
129.000 0.530 
130.000 0.530 
131.000 0.530 
132.000 0.530 
133.000 0.530 
134.000 0.530 
135.000 0.515 
136.000 0.502 
137.000 0.487 
138.000 0.472 
139.000 0.458 
140.000 0.448 
141.000 0.442 
142.000 0.442 
143.000 0.448 
144.000 0.460 
145.000 0.477 
146.000 0.499 
147.000 0.524 
148.000 0.551 
149.000 0.577 
150.000 0.603 
151.000 0.626 
152.000 0.645 
153.000 0.660 
154.000 0.669 
155.000 0.671 
156.000 0.668 
157.000 0.658 
158.000 0.643 
159.000 0.623 
160.000 0.600 
161.000 0.573 
162.000 0.544 
163.000 0.515 
164.000 0.487 
165.000 0.460 
166.000 0.436 
167.000 0.416 
168.000 0.401 
169.000 0.391 
170.000 0.386 
171.000 0.387 
172.000 0.394 
173.000 0.406 
174.000 0.423 
175.000 0.444 
176.000 0.468 
177.000 0.495 
178.000 0.523 
179.000 0.551 
180.000 0.578 
181.000 0.604 
182.000 0.626 
183.000 0.645 
184.000 0.660 
185.000 0.669 
186.000 0.673 
187.000 0.672 
188.000 0.665 
189.000 0.653 
190.000 0.636 
191.000 0.616 
192.000 0.592 
193.000 0.565 
194.000 0.538 
195.000 0.510 
196.000 0.483 
197.000 0.457 
198.000 0.435 
199.000 0.416 
200.000 0.402 
201.000 0.392 
202.000 0.388 
203.000 0.389 
204.000 0.396 
205.000 0.408 
206.000 0.424 
207.000 0.445 
208.000 0.469 
209.000 0.495 
210.000 0.523 
211.000 0.551 
212.000 0.578 
213.000 0.603 
214.000 0.626 
215.000 0.644 
216.000 0.659 
217.000 0.668 
218.000 0.673 
219.000 0.671 
220.000 0.665 
221.000 0.653 
222.000 0.636 
223.000 0.616 
224.000 0.592 
225.000 0.566 
226.000 0.538 
227.000 0.510 
228.000 0.483 
229.000 0.458 
230.000 0.435 
231.000 0.416 
232.000 0.402 
233.000 0.392 
234.000 0.388 
235.000 0.389 
236.000 0.396 
237.000 0.408 
238.000 0.424 
239.000 0.445 
240.000 0.469 
241.000 0.495 
242.000 0.523 
243.000 0.551 
244.000 0.578 
245.000 0.603 
246.000 0.626 
247.000 0.644 
248.000 0.659 
249.000 0.668 
250.000 0.673 
251.000 0.671 
252.000 0.665 
253.000 0.653 
254.000 0.636 
255.000 0.616 
256.000 0.592 
257.000 0.566 
258.000 0.538 
259.000 0.510 
260.000 0.483 
261.000 0.457 
262.000 0.435 
263.000 0.416 
264.000 0.402 
265.000 0.392 
266.000 0.388 
267.000 0.389 
268.000 0.396 
269.000 0.408 
270.000 0.424 
271.000 0.445 
272.000 0.469 
273.000 0.495 
274.000 0.523 
275.000 0.551 
276.000 0.578 
277.000 0.603 
278.000 0.626 
279.000 0.644 
280.000 0.659 
281.000 0.668 
282.000 0.673 
283.000 0.671 
284.000 0.665 
285.000 0.653 
286.000 0.636 
287.000 0.616 
288.000 0.592 
289.000 0.566 
290.000 0.538 
291.000 0.510 
292.000 0.483 
293.000 0.457 
294.000 0.435 
295.000 0.416 
296.000 0.402 
297.000 0.392 
298.000 0.388 
299.000 0.389 
300.000 0.396 
301.000 0.408 
302.000 0.424 
303.000 0.445 
304.000 0.469 
305.000 0.495 
306.000 0.523 
307.000 0.551 
308.000 0.578 
309.000 0.603 
310.000 0.626 
311.000 0.644 
312.000 0.659 
313.000 0.668 
314.000 0.673 
315.000 0.671 
316.000 0.665 
317.000 0.653 
318.000 0.636 
319.000 0.616 
320.000 0.592 
321.000 0.566 
322.000 0.538 
323.000 0.510 
324.000 0.483 
325.000 0.457 
326.000 0.435 
327.000 0.416 
328.000 0.402 
329.000 0.392 
330.000 0.388 
331.000 0.389 
332.000 0.396 
333.000 0.408 
334.000 0.424 
335.000 0.445 
336.000 0.469 
337.000 0.495 
338.000 0.523 
339.000 0.551 
340.000 0.578 
341.000 0.603 
342.000 0.626 
343.000 0.644 
344.000 0.659 
345.000 0.668 
346.000 0.673 
347.000 0.671 
348.000 0.665 
349.000 0.653 
350.000 0.636 
351.000 0.616 
352.000 0.592 
353.000 0.566 
354.000 0.538 
355.000 0.510 
356.000 0.483 
357.000 0.457 
358.000 0.435 
359.000 0.416 
360.000 0.402 
361.000 0.392 
362.000 0.388 
363.000 0.389 
364.000 0.396 
365.000 0.408 
366.000 0.424 
367.000 0.445 
368.000 0.469 
369.000 0.495 
370.000 0.523 
371.000 0.551 
372.000 0.578 
373.000 0.603 
374.000 0.626 
375.000 0.644 
376.000 0.659 
377.000 0.668 
378.000 0.673 
379.000 0.671 
380.000 0.665 
381.000 0.653 
382.000 0.636 
383.000 0.616 
384.000 0.592 
385.000 0.566 
386.000 0.538 
387.000 0.510 
388.000 0.483 
389.000 0.457 
390.000 0.435 
391.000 0.416 
392.000 0.402 
393.000 0.392 
394.000 0.388 
395.000 0.389 
396.000 0.396 
397.000 0.408 
398.000 0.424 
399.000 0.445 
400.000 0.469 
