1.000 0.000 
2.000 0.000 
3.000 0.000 
4.000 0.000 
5.000 0.000 
6.000 0.000 
7.000 -0.056 
8.000 -0.103 
9.000 -0.122 
10.000 -0.166 
11.000 0.186 
12.000 0.531 
13.000 0.725 
14.000 0.946 
15.000 1.042 
16.000 1.051 
17.000 1.033 
18.000 0.880 
19.000 0.811 
20.000 0.793 
21.000 0.571 
22.000 0.446 
23.000 0.400 
24.000 0.308 
25.000 0.230 
26.000 0.199 
27.000 0.165 
28.000 0.193 
29.000 0.219 
30.000 0.259 
31.000 0.352 
32.000 0.331 
33.000 0.411 
34.000 0.421 
35.000 0.510 
36.000 0.579 
37.000 0.603 
38.000 0.647 
39.000 0.606 
40.000 0.599 
41.000 0.565 
42.000 0.617 
43.000 0.619 
44.000 0.590 
45.000 0.607 
46.000 0.533 
47.000 0.476 
48.000 0.496 
49.000 0.417 
50.000 0.347 
51.000 0.335 
52.000 0.248 
53.000 0.217 
54.000 0.220 
55.000 0.193 
56.000 0.225 
57.000 0.285 
58.000 0.313 
59.000 0.378 
60.000 0.455 
61.000 0.422 
62.000 0.485 
63.000 0.383 
64.000 0.452 
65.000 0.417 
66.000 0.357 
67.000 0.253 
68.000 0.275 
69.000 0.310 
70.000 0.277 
71.000 0.390 
72.000 0.431 
73.000 0.479 
74.000 0.471 
75.000 0.468 
76.000 0.511 
77.000 0.476 
78.000 0.514 
79.000 0.484 
80.000 0.413 
81.000 0.436 
82.000 0.449 
83.000 0.476 
84.000 0.454 
85.000 0.426 
86.000 0.361 
87.000 0.394 
88.000 0.385 
89.000 0.430 
90.000 0.367 
91.000 0.426 
92.000 0.471 
93.000 0.392 
94.000 0.414 
95.000 0.403 
96.000 0.475 
97.000 0.457 
98.000 0.469 
99.000 0.556 
100.000 0.579 
101.000 0.630 
102.000 0.628 
103.000 0.705 
104.000 0.648 
105.000 0.582 
106.000 0.603 
107.000 0.568 
108.000 0.521 
109.000 0.452 
110.000 0.427 
111.000 0.398 
112.000 0.419 
113.000 0.427 
114.000 0.414 
115.000 0.368 
116.000 0.385 
117.000 0.463 
118.000 0.444 
119.000 0.489 
120.000 0.529 
121.000 0.567 
122.000 0.636 
123.000 0.665 
124.000 0.723 
125.000 0.745 
126.000 0.744 
127.000 0.733 
128.000 0.728 
129.000 0.704 
130.000 0.669 
131.000 0.614 
132.000 0.524 
133.000 0.473 
134.000 0.453 
135.000 0.228 
136.000 0.110 
137.000 0.034 
138.000 -0.026 
139.000 -0.096 
140.000 -0.198 
141.000 -0.243 
142.000 -0.280 
143.000 -0.342 
144.000 -0.348 
145.000 -0.357 
146.000 -0.410 
147.000 -0.446 
148.000 -0.562 
149.000 -0.555 
150.000 -0.572 
151.000 -0.541 
152.000 -0.517 
153.000 -0.473 
154.000 -0.335 
155.000 -0.286 
156.000 -0.254 
157.000 -0.160 
158.000 -0.154 
159.000 -0.166 
160.000 -0.197 
161.000 -0.229 
162.000 -0.129 
163.000 -0.146 
164.000 -0.186 
165.000 -0.182 
166.000 -0.176 
167.000 -0.200 
168.000 -0.250 
169.000 -0.247 
170.000 -0.216 
171.000 -0.214 
172.000 -0.190 
173.000 -0.215 
174.000 -0.200 
175.000 -0.209 
176.000 -0.198 
177.000 -0.171 
178.000 -0.166 
179.000 -0.157 
180.000 -0.069 
181.000 -0.078 
182.000 -0.093 
183.000 -0.061 
184.000 -0.136 
185.000 -0.145 
186.000 -0.134 
187.000 -0.144 
188.000 -0.133 
189.000 -0.140 
190.000 -0.160 
191.000 -0.125 
192.000 -0.144 
193.000 -0.210 
194.000 -0.226 
195.000 -0.258 
196.000 -0.211 
197.000 -0.191 
198.000 -0.184 
199.000 -0.140 
200.000 -0.029 
201.000 0.060 
202.000 0.037 
203.000 0.128 
204.000 0.031 
205.000 0.168 
206.000 0.092 
207.000 0.088 
208.000 0.100 
209.000 0.045 
210.000 0.066 
211.000 -0.014 
212.000 -0.027 
213.000 0.023 
214.000 0.098 
215.000 0.080 
216.000 0.037 
217.000 0.046 
218.000 0.027 
219.000 -0.030 
220.000 0.018 
221.000 -0.097 
222.000 -0.049 
223.000 -0.086 
224.000 -0.075 
225.000 -0.092 
226.000 0.006 
227.000 -0.088 
228.000 -0.077 
229.000 -0.172 
230.000 -0.224 
231.000 -0.233 
232.000 -0.210 
233.000 -0.140 
234.000 -0.140 
235.000 -0.106 
236.000 -0.115 
237.000 -0.027 
238.000 -0.063 
239.000 -0.037 
240.000 0.006 
241.000 -0.038 
242.000 -0.035 
243.000 -0.026 
244.000 -0.127 
245.000 -0.140 
246.000 -0.149 
247.000 -0.179 
248.000 -0.182 
249.000 -0.185 
250.000 -0.191 
251.000 -0.138 
252.000 -0.086 
253.000 -0.083 
254.000 -0.135 
255.000 -0.073 
256.000 -0.025 
257.000 -0.017 
258.000 0.021 
259.000 0.046 
260.000 0.033 
261.000 0.052 
262.000 0.073 
263.000 0.079 
264.000 0.129 
265.000 0.146 
266.000 0.202 
267.000 0.204 
268.000 0.245 
269.000 0.250 
270.000 0.235 
271.000 0.258 
272.000 0.204 
273.000 0.147 
274.000 0.147 
275.000 0.025 
276.000 0.067 
277.000 0.010 
278.000 0.045 
279.000 0.018 
280.000 0.068 
281.000 0.070 
282.000 0.096 
283.000 0.137 
284.000 0.213 
285.000 0.152 
286.000 0.057 
287.000 -0.058 
288.000 -0.068 
289.000 -0.145 
290.000 -0.174 
291.000 -0.217 
292.000 -0.183 
293.000 -0.100 
294.000 -0.101 
295.000 -0.003 
296.000 0.105 
297.000 0.000 
298.000 0.070 
299.000 0.034 
300.000 -0.036 
301.000 0.029 
302.000 -0.050 
303.000 -0.085 
304.000 -0.104 
305.000 -0.130 
306.000 -0.117 
307.000 -0.166 
308.000 -0.114 
309.000 -0.085 
310.000 -0.115 
311.000 -0.168 
312.000 -0.120 
313.000 -0.107 
314.000 -0.129 
315.000 -0.165 
316.000 -0.191 
317.000 -0.192 
318.000 -0.161 
319.000 -0.193 
320.000 -0.162 
321.000 -0.213 
322.000 -0.106 
323.000 -0.118 
324.000 -0.148 
325.000 -0.084 
326.000 -0.049 
327.000 0.007 
328.000 0.030 
329.000 0.060 
330.000 0.066 
331.000 0.116 
332.000 0.096 
333.000 0.121 
334.000 0.115 
335.000 0.134 
336.000 0.118 
337.000 -0.077 
338.000 -0.224 
339.000 -0.302 
340.000 -0.400 
341.000 -0.381 
342.000 -0.388 
343.000 -0.337 
344.000 -0.317 
345.000 -0.263 
346.000 -0.197 
347.000 -0.119 
348.000 -0.024 
349.000 0.016 
350.000 0.009 
351.000 0.033 
352.000 0.035 
353.000 0.000 
354.000 -0.032 
355.000 0.033 
356.000 -0.006 
357.000 0.015 
358.000 0.106 
359.000 0.149 
360.000 0.165 
361.000 0.135 
362.000 0.155 
363.000 0.115 
364.000 0.130 
365.000 0.185 
366.000 0.126 
367.000 0.159 
368.000 0.067 
369.000 -0.026 
370.000 -0.030 
371.000 -0.146 
372.000 -0.217 
373.000 -0.176 
374.000 -0.217 
375.000 -0.224 
376.000 -0.229 
377.000 -0.233 
378.000 -0.235 
379.000 -0.239 
380.000 -0.195 
381.000 -0.196 
382.000 -0.052 
383.000 0.008 
384.000 -0.013 
385.000 0.080 
386.000 0.075 
387.000 0.019 
388.000 0.073 
389.000 0.082 
390.000 0.078 
391.000 0.039 
392.000 0.043 
393.000 0.068 
394.000 0.114 
395.000 0.103 
396.000 0.109 
397.000 0.124 
398.000 0.115 
399.000 0.146 
400.000 0.083 
