1.000 0.000 
2.000 0.000 
3.000 0.000 
4.000 0.000 
5.000 0.000 
6.000 0.000 
7.000 -0.010 
8.000 -0.010 
9.000 -0.008 
10.000 0.002 
11.000 0.420 
12.000 0.709 
13.000 0.912 
14.000 1.040 
15.000 1.111 
16.000 1.123 
17.000 1.084 
18.000 1.020 
19.000 0.935 
20.000 0.831 
21.000 0.727 
22.000 0.630 
23.000 0.535 
24.000 0.461 
25.000 0.417 
26.000 0.392 
27.000 0.385 
28.000 0.382 
29.000 0.389 
30.000 0.402 
31.000 0.424 
32.000 0.440 
33.000 0.464 
34.000 0.485 
35.000 0.490 
36.000 0.493 
37.000 0.498 
38.000 0.500 
39.000 0.493 
40.000 0.493 
41.000 0.497 
42.000 0.496 
43.000 0.491 
44.000 0.489 
45.000 0.486 
46.000 0.479 
47.000 0.484 
48.000 0.482 
49.000 0.482 
50.000 0.485 
51.000 0.487 
52.000 0.495 
53.000 0.499 
54.000 0.505 
55.000 0.506 
56.000 0.524 
57.000 0.536 
58.000 0.544 
59.000 0.536 
60.000 0.528 
61.000 0.518 
62.000 0.505 
63.000 0.504 
64.000 0.498 
65.000 0.499 
66.000 0.507 
67.000 0.516 
68.000 0.528 
69.000 0.541 
70.000 0.550 
71.000 0.561 
72.000 0.557 
73.000 0.549 
74.000 0.531 
75.000 0.507 
76.000 0.496 
77.000 0.500 
78.000 0.503 
79.000 0.497 
80.000 0.508 
81.000 0.521 
82.000 0.542 
83.000 0.558 
84.000 0.560 
85.000 0.566 
86.000 0.568 
87.000 0.556 
88.000 0.554 
89.000 0.557 
90.000 0.557 
91.000 0.556 
92.000 0.549 
93.000 0.542 
94.000 0.544 
95.000 0.549 
96.000 0.558 
97.000 0.567 
98.000 0.574 
99.000 0.579 
100.000 0.579 
101.000 0.590 
102.000 0.609 
103.000 0.624 
104.000 0.640 
105.000 0.655 
106.000 0.677 
107.000 0.687 
108.000 0.687 
109.000 0.683 
110.000 0.672 
111.000 0.653 
112.000 0.636 
113.000 0.616 
114.000 0.602 
115.000 0.586 
116.000 0.565 
117.000 0.547 
118.000 0.535 
119.000 0.541 
120.000 0.556 
121.000 0.557 
122.000 0.552 
123.000 0.554 
124.000 0.558 
125.000 0.554 
126.000 0.565 
127.000 0.574 
128.000 0.578 
129.000 0.582 
130.000 0.596 
131.000 0.607 
132.000 0.614 
133.000 0.619 
134.000 0.630 
135.000 0.465 
136.000 0.338 
137.000 0.183 
138.000 0.020 
139.000 -0.144 
140.000 -0.298 
141.000 -0.429 
142.000 -0.512 
143.000 -0.568 
144.000 -0.599 
145.000 -0.599 
146.000 -0.566 
147.000 -0.517 
148.000 -0.455 
149.000 -0.381 
150.000 -0.311 
151.000 -0.251 
152.000 -0.192 
153.000 -0.150 
154.000 -0.113 
155.000 -0.085 
156.000 -0.075 
157.000 -0.070 
158.000 -0.076 
159.000 -0.089 
160.000 -0.108 
161.000 -0.135 
162.000 -0.162 
163.000 -0.191 
164.000 -0.222 
165.000 -0.248 
166.000 -0.273 
167.000 -0.289 
168.000 -0.298 
169.000 -0.292 
170.000 -0.289 
171.000 -0.285 
172.000 -0.289 
173.000 -0.278 
174.000 -0.262 
175.000 -0.244 
176.000 -0.228 
177.000 -0.214 
178.000 -0.198 
179.000 -0.184 
180.000 -0.173 
181.000 -0.159 
182.000 -0.135 
183.000 -0.117 
184.000 -0.109 
185.000 -0.101 
186.000 -0.097 
187.000 -0.089 
188.000 -0.086 
189.000 -0.088 
190.000 -0.091 
191.000 -0.085 
192.000 -0.084 
193.000 -0.082 
194.000 -0.083 
195.000 -0.082 
196.000 -0.085 
197.000 -0.091 
198.000 -0.104 
199.000 -0.101 
200.000 -0.095 
201.000 -0.087 
202.000 -0.071 
203.000 -0.054 
204.000 -0.043 
205.000 -0.023 
206.000 -0.015 
207.000 -0.016 
208.000 -0.014 
209.000 -0.008 
210.000 -0.004 
211.000 -0.011 
212.000 -0.017 
213.000 -0.026 
214.000 -0.031 
215.000 -0.025 
216.000 -0.018 
217.000 -0.004 
218.000 -0.002 
219.000 -0.008 
220.000 -0.006 
221.000 -0.007 
222.000 0.002 
223.000 0.010 
224.000 0.011 
225.000 0.011 
226.000 0.015 
227.000 0.023 
228.000 0.034 
229.000 0.056 
230.000 0.070 
231.000 0.078 
232.000 0.084 
233.000 0.083 
234.000 0.074 
235.000 0.081 
236.000 0.083 
237.000 0.090 
238.000 0.101 
239.000 0.120 
240.000 0.134 
241.000 0.133 
242.000 0.147 
243.000 0.146 
244.000 0.141 
245.000 0.144 
246.000 0.158 
247.000 0.167 
248.000 0.161 
249.000 0.157 
250.000 0.148 
251.000 0.134 
252.000 0.112 
253.000 0.094 
254.000 0.078 
255.000 0.064 
256.000 0.050 
257.000 0.023 
258.000 0.003 
259.000 -0.022 
260.000 -0.038 
261.000 -0.044 
262.000 -0.040 
263.000 -0.031 
264.000 -0.027 
265.000 -0.024 
266.000 -0.021 
267.000 -0.021 
268.000 -0.002 
269.000 0.019 
270.000 0.028 
271.000 0.038 
272.000 0.043 
273.000 0.055 
274.000 0.068 
275.000 0.078 
276.000 0.090 
277.000 0.091 
278.000 0.081 
279.000 0.076 
280.000 0.072 
281.000 0.056 
282.000 0.036 
283.000 0.018 
284.000 0.005 
285.000 -0.017 
286.000 -0.032 
287.000 -0.047 
288.000 -0.054 
289.000 -0.062 
290.000 -0.046 
291.000 -0.026 
292.000 -0.015 
293.000 -0.015 
294.000 -0.008 
295.000 0.006 
296.000 0.009 
297.000 0.015 
298.000 0.008 
299.000 -0.004 
300.000 -0.019 
301.000 -0.029 
302.000 -0.047 
303.000 -0.065 
304.000 -0.067 
305.000 -0.075 
306.000 -0.082 
307.000 -0.089 
308.000 -0.075 
309.000 -0.061 
310.000 -0.053 
311.000 -0.057 
312.000 -0.065 
313.000 -0.067 
314.000 -0.074 
315.000 -0.091 
316.000 -0.088 
317.000 -0.084 
318.000 -0.076 
319.000 -0.068 
320.000 -0.062 
321.000 -0.055 
322.000 -0.039 
323.000 -0.041 
324.000 -0.044 
325.000 -0.046 
326.000 -0.035 
327.000 -0.022 
328.000 -0.011 
329.000 -0.006 
330.000 -0.014 
331.000 -0.030 
332.000 -0.044 
333.000 -0.046 
334.000 -0.039 
335.000 -0.034 
336.000 -0.031 
337.000 -0.027 
338.000 -0.027 
339.000 -0.024 
340.000 -0.025 
341.000 -0.018 
342.000 -0.014 
343.000 -0.010 
344.000 0.007 
345.000 0.021 
346.000 0.044 
347.000 0.058 
348.000 0.069 
349.000 0.061 
350.000 0.053 
351.000 0.040 
352.000 0.027 
353.000 0.018 
354.000 0.012 
355.000 0.016 
356.000 0.020 
357.000 0.027 
358.000 0.028 
359.000 0.037 
360.000 0.036 
361.000 0.047 
362.000 0.044 
363.000 0.046 
364.000 0.045 
365.000 0.036 
366.000 0.038 
367.000 0.042 
368.000 0.044 
369.000 0.039 
370.000 0.036 
371.000 0.042 
372.000 0.031 
373.000 0.022 
374.000 0.012 
375.000 0.009 
376.000 0.005 
377.000 -0.004 
378.000 -0.008 
379.000 -0.010 
380.000 -0.016 
381.000 -0.010 
382.000 -0.006 
383.000 -0.007 
384.000 -0.006 
385.000 0.003 
386.000 0.016 
387.000 0.016 
388.000 0.024 
389.000 0.033 
390.000 0.043 
391.000 0.038 
392.000 0.018 
393.000 0.000 
394.000 -0.009 
395.000 -0.014 
396.000 -0.008 
397.000 -0.008 
398.000 -0.002 
399.000 0.002 
400.000 0.016 
