1.000 0.000 
2.000 0.000 
3.000 0.000 
4.000 0.000 
5.000 0.000 
6.000 0.000 
7.000 0.000 
8.000 0.000 
9.000 0.000 
10.000 0.000 
11.000 0.405 
12.000 0.691 
13.000 0.886 
14.000 1.011 
15.000 1.085 
16.000 1.107 
17.000 1.084 
18.000 1.026 
19.000 0.945 
20.000 0.851 
21.000 0.753 
22.000 0.659 
23.000 0.575 
24.000 0.505 
25.000 0.451 
26.000 0.415 
27.000 0.394 
28.000 0.389 
29.000 0.395 
30.000 0.411 
31.000 0.433 
32.000 0.459 
33.000 0.485 
34.000 0.510 
35.000 0.532 
36.000 0.551 
37.000 0.565 
38.000 0.574 
39.000 0.579 
40.000 0.579 
41.000 0.577 
42.000 0.572 
43.000 0.565 
44.000 0.558 
45.000 0.550 
46.000 0.543 
47.000 0.536 
48.000 0.531 
49.000 0.527 
50.000 0.524 
51.000 0.523 
52.000 0.522 
53.000 0.523 
54.000 0.524 
55.000 0.526 
56.000 0.527 
57.000 0.529 
58.000 0.531 
59.000 0.533 
60.000 0.534 
61.000 0.535 
62.000 0.535 
63.000 0.536 
64.000 0.536 
65.000 0.535 
66.000 0.535 
67.000 0.534 
68.000 0.534 
69.000 0.533 
70.000 0.532 
71.000 0.532 
72.000 0.531 
73.000 0.531 
74.000 0.531 
75.000 0.531 
76.000 0.531 
77.000 0.531 
78.000 0.531 
79.000 0.531 
80.000 0.531 
81.000 0.531 
82.000 0.531 
83.000 0.531 
84.000 0.531 
85.000 0.531 
86.000 0.531 
87.000 0.531 
88.000 0.531 
89.000 0.531 
90.000 0.531 
91.000 0.531 
92.000 0.531 
93.000 0.531 
94.000 0.531 
95.000 0.531 
96.000 0.531 
97.000 0.531 
98.000 0.531 
99.000 0.531 
100.000 0.531 
101.000 0.531 
102.000 0.531 
103.000 0.531 
104.000 0.531 
105.000 0.531 
106.000 0.531 
107.000 0.531 
108.000 0.531 
109.000 0.531 
110.000 0.531 
111.000 0.531 
112.000 0.531 
113.000 0.530 
114.000 0.530 
115.000 0.530 
116.000 0.530 
117.000 0.530 
118.000 0.530 
119.000 0.530 
120.000 0.530 
121.000 0.530 
122.000 0.530 
123.000 0.530 
124.000 0.530 
125.000 0.530 
126.000 0.530 
127.000 0.530 
128.000 0.530 
129.000 0.530 
130.000 0.530 
131.000 0.530 
132.000 0.530 
133.000 0.530 
134.000 0.530 
135.000 0.483 
136.000 0.446 
137.000 0.401 
138.000 0.355 
139.000 0.314 
140.000 0.283 
141.000 0.266 
142.000 0.266 
143.000 0.284 
144.000 0.320 
145.000 0.371 
146.000 0.436 
147.000 0.511 
148.000 0.591 
149.000 0.672 
150.000 0.749 
151.000 0.818 
152.000 0.876 
153.000 0.919 
154.000 0.945 
155.000 0.953 
156.000 0.943 
157.000 0.914 
158.000 0.869 
159.000 0.810 
160.000 0.738 
161.000 0.658 
162.000 0.572 
163.000 0.485 
164.000 0.399 
165.000 0.320 
166.000 0.248 
167.000 0.188 
168.000 0.142 
169.000 0.112 
170.000 0.098 
171.000 0.101 
172.000 0.121 
173.000 0.157 
174.000 0.207 
175.000 0.270 
176.000 0.343 
177.000 0.423 
178.000 0.507 
179.000 0.592 
180.000 0.674 
181.000 0.750 
182.000 0.818 
183.000 0.875 
184.000 0.918 
185.000 0.947 
186.000 0.959 
187.000 0.955 
188.000 0.935 
189.000 0.899 
190.000 0.849 
191.000 0.787 
192.000 0.715 
193.000 0.636 
194.000 0.553 
195.000 0.469 
196.000 0.387 
197.000 0.312 
198.000 0.244 
199.000 0.188 
200.000 0.144 
201.000 0.116 
202.000 0.103 
203.000 0.107 
204.000 0.127 
205.000 0.163 
206.000 0.212 
207.000 0.274 
208.000 0.346 
209.000 0.425 
210.000 0.508 
211.000 0.591 
212.000 0.673 
213.000 0.749 
214.000 0.816 
215.000 0.873 
216.000 0.916 
217.000 0.945 
218.000 0.957 
219.000 0.954 
220.000 0.934 
221.000 0.898 
222.000 0.848 
223.000 0.787 
224.000 0.715 
225.000 0.636 
226.000 0.553 
227.000 0.469 
228.000 0.388 
229.000 0.312 
230.000 0.244 
231.000 0.188 
232.000 0.144 
233.000 0.116 
234.000 0.103 
235.000 0.107 
236.000 0.127 
237.000 0.163 
238.000 0.212 
239.000 0.274 
240.000 0.346 
241.000 0.425 
242.000 0.508 
243.000 0.591 
244.000 0.673 
245.000 0.749 
246.000 0.816 
247.000 0.873 
248.000 0.916 
249.000 0.945 
250.000 0.957 
251.000 0.954 
252.000 0.934 
253.000 0.898 
254.000 0.848 
255.000 0.787 
256.000 0.715 
257.000 0.636 
258.000 0.553 
259.000 0.469 
260.000 0.388 
261.000 0.312 
262.000 0.244 
263.000 0.188 
264.000 0.144 
265.000 0.116 
266.000 0.103 
267.000 0.107 
268.000 0.127 
269.000 0.162 
270.000 0.212 
271.000 0.274 
272.000 0.346 
273.000 0.425 
274.000 0.508 
275.000 0.591 
276.000 0.673 
277.000 0.749 
278.000 0.816 
279.000 0.873 
280.000 0.916 
281.000 0.945 
282.000 0.957 
283.000 0.954 
284.000 0.934 
285.000 0.898 
286.000 0.848 
287.000 0.787 
288.000 0.715 
289.000 0.636 
290.000 0.553 
291.000 0.469 
292.000 0.388 
293.000 0.312 
294.000 0.244 
295.000 0.188 
296.000 0.144 
297.000 0.116 
298.000 0.103 
299.000 0.107 
300.000 0.127 
301.000 0.162 
302.000 0.212 
303.000 0.274 
304.000 0.346 
305.000 0.425 
306.000 0.508 
307.000 0.591 
308.000 0.673 
309.000 0.749 
310.000 0.816 
311.000 0.873 
312.000 0.916 
313.000 0.945 
314.000 0.957 
315.000 0.954 
316.000 0.934 
317.000 0.898 
318.000 0.848 
319.000 0.787 
320.000 0.715 
321.000 0.636 
322.000 0.553 
323.000 0.469 
324.000 0.388 
325.000 0.312 
326.000 0.244 
327.000 0.188 
328.000 0.144 
329.000 0.116 
330.000 0.103 
331.000 0.107 
332.000 0.127 
333.000 0.162 
334.000 0.212 
335.000 0.274 
336.000 0.346 
337.000 0.425 
338.000 0.508 
339.000 0.591 
340.000 0.673 
341.000 0.749 
342.000 0.816 
343.000 0.873 
344.000 0.916 
345.000 0.945 
346.000 0.957 
347.000 0.954 
348.000 0.934 
349.000 0.898 
350.000 0.848 
351.000 0.787 
352.000 0.715 
353.000 0.636 
354.000 0.553 
355.000 0.469 
356.000 0.388 
357.000 0.312 
358.000 0.244 
359.000 0.188 
360.000 0.144 
361.000 0.116 
362.000 0.103 
363.000 0.107 
364.000 0.127 
365.000 0.162 
366.000 0.212 
367.000 0.274 
368.000 0.346 
369.000 0.425 
370.000 0.508 
371.000 0.591 
372.000 0.673 
373.000 0.749 
374.000 0.816 
375.000 0.873 
376.000 0.916 
377.000 0.945 
378.000 0.957 
379.000 0.954 
380.000 0.934 
381.000 0.898 
382.000 0.848 
383.000 0.787 
384.000 0.715 
385.000 0.636 
386.000 0.553 
387.000 0.469 
388.000 0.388 
389.000 0.312 
390.000 0.244 
391.000 0.188 
392.000 0.144 
393.000 0.116 
394.000 0.103 
395.000 0.107 
396.000 0.127 
397.000 0.162 
398.000 0.212 
399.000 0.274 
400.000 0.346 
