1.000 0.000 
2.000 0.000 
3.000 0.000 
4.000 0.000 
5.000 0.000 
6.000 0.000 
7.000 0.000 
8.000 0.000 
9.000 0.000 
10.000 0.000 
11.000 0.405 
12.000 0.691 
13.000 0.886 
14.000 1.011 
15.000 1.085 
16.000 1.107 
17.000 1.084 
18.000 1.026 
19.000 0.945 
20.000 0.851 
21.000 0.753 
22.000 0.659 
23.000 0.575 
24.000 0.505 
25.000 0.451 
26.000 0.415 
27.000 0.394 
28.000 0.389 
29.000 0.395 
30.000 0.411 
31.000 0.433 
32.000 0.459 
33.000 0.485 
34.000 0.510 
35.000 0.532 
36.000 0.551 
37.000 0.565 
38.000 0.574 
39.000 0.579 
40.000 0.579 
41.000 0.577 
42.000 0.572 
43.000 0.565 
44.000 0.558 
45.000 0.550 
46.000 0.543 
47.000 0.536 
48.000 0.531 
49.000 0.527 
50.000 0.524 
51.000 0.523 
52.000 0.522 
53.000 0.523 
54.000 0.524 
55.000 0.526 
56.000 0.527 
57.000 0.529 
58.000 0.531 
59.000 0.533 
60.000 0.534 
61.000 0.535 
62.000 0.535 
63.000 0.536 
64.000 0.536 
65.000 0.535 
66.000 0.535 
67.000 0.534 
68.000 0.534 
69.000 0.533 
70.000 0.532 
71.000 0.532 
72.000 0.531 
73.000 0.531 
74.000 0.531 
75.000 0.531 
76.000 0.531 
77.000 0.531 
78.000 0.531 
79.000 0.531 
80.000 0.531 
81.000 0.531 
82.000 0.531 
83.000 0.531 
84.000 0.531 
85.000 0.531 
86.000 0.531 
87.000 0.531 
88.000 0.531 
89.000 0.531 
90.000 0.531 
91.000 0.531 
92.000 0.531 
93.000 0.531 
94.000 0.531 
95.000 0.531 
96.000 0.531 
97.000 0.531 
98.000 0.531 
99.000 0.531 
100.000 0.531 
101.000 0.531 
102.000 0.531 
103.000 0.531 
104.000 0.531 
105.000 0.531 
106.000 0.531 
107.000 0.531 
108.000 0.531 
109.000 0.531 
110.000 0.531 
111.000 0.531 
112.000 0.531 
113.000 0.530 
114.000 0.530 
115.000 0.530 
116.000 0.530 
117.000 0.530 
118.000 0.530 
119.000 0.530 
120.000 0.530 
121.000 0.530 
122.000 0.530 
123.000 0.530 
124.000 0.530 
125.000 0.530 
126.000 0.530 
127.000 0.530 
128.000 0.530 
129.000 0.530 
130.000 0.530 
131.000 0.530 
132.000 0.530 
133.000 0.530 
134.000 0.530 
135.000 0.530 
136.000 0.530 
137.000 0.501 
138.000 0.455 
139.000 0.401 
140.000 0.347 
141.000 0.299 
142.000 0.262 
143.000 0.241 
144.000 0.238 
145.000 0.255 
146.000 0.290 
147.000 0.343 
148.000 0.409 
149.000 0.486 
150.000 0.569 
151.000 0.654 
152.000 0.735 
153.000 0.808 
154.000 0.870 
155.000 0.917 
156.000 0.948 
157.000 0.960 
158.000 0.954 
159.000 0.929 
160.000 0.887 
161.000 0.829 
162.000 0.759 
163.000 0.679 
164.000 0.594 
165.000 0.506 
166.000 0.419 
167.000 0.336 
168.000 0.262 
169.000 0.199 
170.000 0.149 
171.000 0.114 
172.000 0.096 
173.000 0.095 
174.000 0.111 
175.000 0.143 
176.000 0.191 
177.000 0.251 
178.000 0.322 
179.000 0.401 
180.000 0.485 
181.000 0.570 
182.000 0.653 
183.000 0.732 
184.000 0.803 
185.000 0.863 
186.000 0.910 
187.000 0.943 
188.000 0.960 
189.000 0.960 
190.000 0.944 
191.000 0.912 
192.000 0.865 
193.000 0.806 
194.000 0.736 
195.000 0.658 
196.000 0.575 
197.000 0.491 
198.000 0.408 
199.000 0.329 
200.000 0.259 
201.000 0.199 
202.000 0.152 
203.000 0.119 
204.000 0.102 
205.000 0.101 
206.000 0.117 
207.000 0.149 
208.000 0.196 
209.000 0.255 
210.000 0.325 
211.000 0.403 
212.000 0.485 
213.000 0.570 
214.000 0.653 
215.000 0.731 
216.000 0.801 
217.000 0.861 
218.000 0.909 
219.000 0.942 
220.000 0.959 
221.000 0.959 
222.000 0.943 
223.000 0.911 
224.000 0.865 
225.000 0.806 
226.000 0.736 
227.000 0.658 
228.000 0.575 
229.000 0.491 
230.000 0.408 
231.000 0.330 
232.000 0.259 
233.000 0.199 
234.000 0.152 
235.000 0.119 
236.000 0.102 
237.000 0.101 
238.000 0.117 
239.000 0.149 
240.000 0.196 
241.000 0.255 
242.000 0.325 
243.000 0.402 
244.000 0.485 
245.000 0.570 
246.000 0.652 
247.000 0.731 
248.000 0.801 
249.000 0.861 
250.000 0.909 
251.000 0.942 
252.000 0.959 
253.000 0.959 
254.000 0.943 
255.000 0.911 
256.000 0.865 
257.000 0.806 
258.000 0.736 
259.000 0.658 
260.000 0.575 
261.000 0.491 
262.000 0.408 
263.000 0.330 
264.000 0.259 
265.000 0.199 
266.000 0.152 
267.000 0.119 
268.000 0.102 
269.000 0.101 
270.000 0.117 
271.000 0.149 
272.000 0.196 
273.000 0.255 
274.000 0.325 
275.000 0.402 
276.000 0.485 
277.000 0.570 
278.000 0.652 
279.000 0.731 
280.000 0.801 
281.000 0.861 
282.000 0.909 
283.000 0.942 
284.000 0.959 
285.000 0.959 
286.000 0.943 
287.000 0.911 
288.000 0.865 
289.000 0.806 
290.000 0.736 
291.000 0.658 
292.000 0.575 
293.000 0.491 
294.000 0.408 
295.000 0.330 
296.000 0.259 
297.000 0.199 
298.000 0.152 
299.000 0.119 
300.000 0.102 
301.000 0.101 
302.000 0.117 
303.000 0.149 
304.000 0.196 
305.000 0.255 
306.000 0.325 
307.000 0.402 
308.000 0.485 
309.000 0.570 
310.000 0.652 
311.000 0.731 
312.000 0.801 
313.000 0.861 
314.000 0.909 
315.000 0.942 
316.000 0.959 
317.000 0.959 
318.000 0.943 
319.000 0.911 
320.000 0.865 
321.000 0.806 
322.000 0.736 
323.000 0.658 
324.000 0.575 
325.000 0.491 
326.000 0.408 
327.000 0.330 
328.000 0.259 
329.000 0.199 
330.000 0.152 
331.000 0.119 
332.000 0.102 
333.000 0.101 
334.000 0.117 
335.000 0.149 
336.000 0.196 
337.000 0.255 
338.000 0.325 
339.000 0.402 
340.000 0.485 
341.000 0.570 
342.000 0.652 
343.000 0.731 
344.000 0.801 
345.000 0.861 
346.000 0.909 
347.000 0.942 
348.000 0.959 
349.000 0.959 
350.000 0.943 
351.000 0.911 
352.000 0.865 
353.000 0.806 
354.000 0.736 
355.000 0.658 
356.000 0.575 
357.000 0.491 
358.000 0.408 
359.000 0.330 
360.000 0.259 
361.000 0.199 
362.000 0.152 
363.000 0.119 
364.000 0.102 
365.000 0.101 
366.000 0.117 
367.000 0.149 
368.000 0.196 
369.000 0.255 
370.000 0.325 
371.000 0.402 
372.000 0.485 
373.000 0.570 
374.000 0.652 
375.000 0.731 
376.000 0.801 
377.000 0.861 
378.000 0.909 
379.000 0.942 
380.000 0.959 
381.000 0.959 
382.000 0.943 
383.000 0.911 
384.000 0.865 
385.000 0.806 
386.000 0.736 
387.000 0.658 
388.000 0.575 
389.000 0.491 
390.000 0.408 
391.000 0.330 
392.000 0.259 
393.000 0.199 
394.000 0.152 
395.000 0.119 
396.000 0.102 
397.000 0.101 
398.000 0.117 
399.000 0.149 
400.000 0.196 
