1.000 0.000 
2.000 0.000 
3.000 0.000 
4.000 0.000 
5.000 0.000 
6.000 0.000 
7.000 0.000 
8.000 0.000 
9.000 0.000 
10.000 0.000 
11.000 0.000 
12.000 0.000 
13.000 0.000 
14.000 0.000 
15.000 0.000 
16.000 0.034 
17.000 0.091 
18.000 0.162 
19.000 0.240 
20.000 0.321 
21.000 0.400 
22.000 0.474 
23.000 0.539 
24.000 0.595 
25.000 0.640 
26.000 0.675 
27.000 0.701 
28.000 0.718 
29.000 0.729 
30.000 0.734 
31.000 0.736 
32.000 0.737 
33.000 0.737 
34.000 0.737 
35.000 0.739 
36.000 0.742 
37.000 0.748 
38.000 0.755 
39.000 0.765 
40.000 0.775 
41.000 0.787 
42.000 0.800 
43.000 0.812 
44.000 0.825 
45.000 0.837 
46.000 0.848 
47.000 0.859 
48.000 0.868 
49.000 0.876 
50.000 0.883 
51.000 0.890 
52.000 0.895 
53.000 0.900 
54.000 0.904 
55.000 0.908 
56.000 0.911 
57.000 0.915 
58.000 0.918 
59.000 0.921 
60.000 0.924 
61.000 0.927 
62.000 0.931 
63.000 0.934 
64.000 0.937 
65.000 0.940 
66.000 0.943 
67.000 0.946 
68.000 0.949 
69.000 0.952 
70.000 0.954 
71.000 0.957 
72.000 0.959 
73.000 0.961 
74.000 0.963 
75.000 0.965 
76.000 0.967 
77.000 0.968 
78.000 0.970 
79.000 0.971 
80.000 0.972 
81.000 0.974 
82.000 0.975 
83.000 0.976 
84.000 0.977 
85.000 0.978 
86.000 0.979 
87.000 0.980 
88.000 0.981 
89.000 0.982 
90.000 0.983 
91.000 0.984 
92.000 0.985 
93.000 0.985 
94.000 0.986 
95.000 0.987 
96.000 0.987 
97.000 0.988 
98.000 0.989 
99.000 0.989 
100.000 0.990 
101.000 0.990 
102.000 0.991 
103.000 0.991 
104.000 0.992 
105.000 0.992 
106.000 0.992 
107.000 0.993 
108.000 0.993 
109.000 0.993 
110.000 0.994 
111.000 0.994 
112.000 0.994 
113.000 0.995 
114.000 0.995 
115.000 0.995 
116.000 0.995 
117.000 0.996 
118.000 0.996 
119.000 0.996 
120.000 0.996 
121.000 0.996 
122.000 0.997 
123.000 0.997 
124.000 0.997 
125.000 0.997 
126.000 0.997 
127.000 0.997 
128.000 0.997 
129.000 0.998 
130.000 0.998 
131.000 0.998 
132.000 0.998 
133.000 0.998 
134.000 0.998 
135.000 0.998 
136.000 0.998 
137.000 1.041 
138.000 1.080 
139.000 1.112 
140.000 1.134 
141.000 1.145 
142.000 1.144 
143.000 1.133 
144.000 1.110 
145.000 1.079 
146.000 1.039 
147.000 0.995 
148.000 0.948 
149.000 0.902 
150.000 0.858 
151.000 0.820 
152.000 0.789 
153.000 0.766 
154.000 0.754 
155.000 0.752 
156.000 0.761 
157.000 0.780 
158.000 0.809 
159.000 0.845 
160.000 0.888 
161.000 0.936 
162.000 0.986 
163.000 1.037 
164.000 1.087 
165.000 1.133 
166.000 1.173 
167.000 1.206 
168.000 1.232 
169.000 1.248 
170.000 1.254 
171.000 1.251 
172.000 1.238 
173.000 1.215 
174.000 1.185 
175.000 1.147 
176.000 1.104 
177.000 1.057 
178.000 1.008 
179.000 0.959 
180.000 0.912 
181.000 0.868 
182.000 0.829 
183.000 0.797 
184.000 0.773 
185.000 0.758 
186.000 0.752 
187.000 0.756 
188.000 0.769 
189.000 0.791 
190.000 0.821 
191.000 0.858 
192.000 0.901 
193.000 0.947 
194.000 0.995 
195.000 1.044 
196.000 1.091 
197.000 1.134 
198.000 1.173 
199.000 1.205 
200.000 1.229 
201.000 1.244 
202.000 1.250 
203.000 1.246 
204.000 1.233 
205.000 1.211 
206.000 1.181 
207.000 1.144 
208.000 1.102 
209.000 1.055 
210.000 1.007 
211.000 0.958 
212.000 0.911 
213.000 0.867 
214.000 0.829 
215.000 0.797 
216.000 0.773 
217.000 0.758 
218.000 0.752 
219.000 0.755 
220.000 0.768 
221.000 0.790 
222.000 0.820 
223.000 0.857 
224.000 0.900 
225.000 0.946 
226.000 0.994 
227.000 1.043 
228.000 1.090 
229.000 1.133 
230.000 1.172 
231.000 1.204 
232.000 1.228 
233.000 1.243 
234.000 1.249 
235.000 1.245 
236.000 1.232 
237.000 1.211 
238.000 1.180 
239.000 1.144 
240.000 1.101 
241.000 1.055 
242.000 1.006 
243.000 0.958 
244.000 0.911 
245.000 0.867 
246.000 0.829 
247.000 0.797 
248.000 0.773 
249.000 0.757 
250.000 0.751 
251.000 0.755 
252.000 0.768 
253.000 0.790 
254.000 0.820 
255.000 0.857 
256.000 0.899 
257.000 0.946 
258.000 0.994 
259.000 1.043 
260.000 1.090 
261.000 1.133 
262.000 1.172 
263.000 1.204 
264.000 1.228 
265.000 1.243 
266.000 1.249 
267.000 1.245 
268.000 1.232 
269.000 1.210 
270.000 1.180 
271.000 1.143 
272.000 1.101 
273.000 1.055 
274.000 1.006 
275.000 0.958 
276.000 0.910 
277.000 0.867 
278.000 0.828 
279.000 0.797 
280.000 0.773 
281.000 0.757 
282.000 0.751 
283.000 0.755 
284.000 0.768 
285.000 0.790 
286.000 0.820 
287.000 0.857 
288.000 0.899 
289.000 0.945 
290.000 0.994 
291.000 1.043 
292.000 1.090 
293.000 1.133 
294.000 1.172 
295.000 1.203 
296.000 1.228 
297.000 1.243 
298.000 1.249 
299.000 1.245 
300.000 1.232 
301.000 1.210 
302.000 1.180 
303.000 1.143 
304.000 1.101 
305.000 1.055 
306.000 1.006 
307.000 0.957 
308.000 0.910 
309.000 0.867 
310.000 0.828 
311.000 0.797 
312.000 0.772 
313.000 0.757 
314.000 0.751 
315.000 0.755 
316.000 0.768 
317.000 0.790 
318.000 0.820 
319.000 0.857 
320.000 0.899 
321.000 0.945 
322.000 0.994 
323.000 1.043 
324.000 1.090 
325.000 1.133 
326.000 1.172 
327.000 1.203 
328.000 1.228 
329.000 1.243 
330.000 1.249 
331.000 1.245 
332.000 1.232 
333.000 1.210 
334.000 1.180 
335.000 1.143 
336.000 1.101 
337.000 1.055 
338.000 1.006 
339.000 0.957 
340.000 0.910 
341.000 0.867 
342.000 0.828 
343.000 0.797 
344.000 0.772 
345.000 0.757 
346.000 0.751 
347.000 0.755 
348.000 0.768 
349.000 0.790 
350.000 0.820 
351.000 0.857 
352.000 0.899 
353.000 0.945 
354.000 0.994 
355.000 1.043 
356.000 1.090 
357.000 1.133 
358.000 1.172 
359.000 1.203 
360.000 1.228 
361.000 1.243 
362.000 1.249 
363.000 1.245 
364.000 1.232 
365.000 1.210 
366.000 1.180 
367.000 1.143 
368.000 1.101 
369.000 1.055 
370.000 1.006 
371.000 0.957 
372.000 0.910 
373.000 0.867 
374.000 0.828 
375.000 0.797 
376.000 0.772 
377.000 0.757 
378.000 0.751 
379.000 0.755 
380.000 0.768 
381.000 0.790 
382.000 0.820 
383.000 0.857 
384.000 0.899 
385.000 0.945 
386.000 0.994 
387.000 1.043 
388.000 1.090 
389.000 1.133 
390.000 1.172 
391.000 1.203 
392.000 1.228 
393.000 1.243 
394.000 1.249 
395.000 1.245 
396.000 1.232 
397.000 1.210 
398.000 1.180 
399.000 1.143 
400.000 1.101 
