1.000 0.000 
2.000 0.000 
3.000 0.000 
4.000 0.000 
5.000 0.000 
6.000 0.000 
7.000 0.000 
8.000 0.000 
9.000 0.000 
10.000 0.000 
11.000 0.000 
12.000 0.000 
13.000 0.004 
14.000 0.008 
15.000 0.017 
16.000 0.063 
17.000 0.135 
18.000 0.221 
19.000 0.318 
20.000 0.418 
21.000 0.518 
22.000 0.612 
23.000 0.699 
24.000 0.776 
25.000 0.840 
26.000 0.891 
27.000 0.929 
28.000 0.957 
29.000 0.975 
30.000 0.987 
31.000 0.996 
32.000 1.000 
33.000 1.003 
34.000 1.007 
35.000 1.014 
36.000 1.024 
37.000 1.036 
38.000 1.049 
39.000 1.063 
40.000 1.078 
41.000 1.094 
42.000 1.111 
43.000 1.127 
44.000 1.140 
45.000 1.153 
46.000 1.161 
47.000 1.166 
48.000 1.167 
49.000 1.163 
50.000 1.158 
51.000 1.148 
52.000 1.132 
53.000 1.111 
54.000 1.092 
55.000 1.074 
56.000 1.059 
57.000 1.046 
58.000 1.036 
59.000 1.026 
60.000 1.016 
61.000 1.008 
62.000 0.999 
63.000 0.990 
64.000 0.981 
65.000 0.968 
66.000 0.954 
67.000 0.937 
68.000 0.919 
69.000 0.900 
70.000 0.882 
71.000 0.864 
72.000 0.847 
73.000 0.831 
74.000 0.813 
75.000 0.793 
76.000 0.775 
77.000 0.761 
78.000 0.749 
79.000 0.739 
80.000 0.731 
81.000 0.728 
82.000 0.730 
83.000 0.734 
84.000 0.740 
85.000 0.746 
86.000 0.754 
87.000 0.764 
88.000 0.775 
89.000 0.786 
90.000 0.800 
91.000 0.816 
92.000 0.835 
93.000 0.854 
94.000 0.874 
95.000 0.895 
96.000 0.917 
97.000 0.937 
98.000 0.955 
99.000 0.971 
100.000 0.986 
101.000 0.999 
102.000 1.010 
103.000 1.019 
104.000 1.024 
105.000 1.030 
106.000 1.036 
107.000 1.042 
108.000 1.048 
109.000 1.053 
110.000 1.061 
111.000 1.069 
112.000 1.077 
113.000 1.085 
114.000 1.095 
115.000 1.105 
116.000 1.115 
117.000 1.127 
118.000 1.139 
119.000 1.152 
120.000 1.166 
121.000 1.182 
122.000 1.196 
123.000 1.208 
124.000 1.220 
125.000 1.228 
126.000 1.234 
127.000 1.237 
128.000 1.235 
129.000 1.228 
130.000 1.220 
131.000 1.210 
132.000 1.198 
133.000 1.184 
134.000 1.169 
135.000 1.151 
136.000 1.134 
137.000 1.263 
138.000 1.373 
139.000 1.465 
140.000 1.528 
141.000 1.567 
142.000 1.583 
143.000 1.577 
144.000 1.549 
145.000 1.504 
146.000 1.448 
147.000 1.386 
148.000 1.324 
149.000 1.262 
150.000 1.203 
151.000 1.151 
152.000 1.104 
153.000 1.065 
154.000 1.036 
155.000 1.014 
156.000 0.999 
157.000 0.989 
158.000 0.982 
159.000 0.979 
160.000 0.979 
161.000 0.981 
162.000 0.985 
163.000 0.991 
164.000 0.997 
165.000 1.001 
166.000 1.005 
167.000 1.007 
168.000 1.007 
169.000 1.005 
170.000 1.001 
171.000 0.995 
172.000 0.987 
173.000 0.978 
174.000 0.968 
175.000 0.958 
176.000 0.947 
177.000 0.937 
178.000 0.928 
179.000 0.921 
180.000 0.913 
181.000 0.904 
182.000 0.898 
183.000 0.898 
184.000 0.903 
185.000 0.911 
186.000 0.922 
187.000 0.934 
188.000 0.945 
189.000 0.955 
190.000 0.962 
191.000 0.967 
192.000 0.969 
193.000 0.969 
194.000 0.968 
195.000 0.967 
196.000 0.968 
197.000 0.969 
198.000 0.974 
199.000 0.983 
200.000 0.994 
201.000 1.006 
202.000 1.019 
203.000 1.034 
204.000 1.052 
205.000 1.071 
206.000 1.090 
207.000 1.107 
208.000 1.125 
209.000 1.146 
210.000 1.169 
211.000 1.194 
212.000 1.220 
213.000 1.245 
214.000 1.269 
215.000 1.292 
216.000 1.315 
217.000 1.338 
218.000 1.356 
219.000 1.370 
220.000 1.380 
221.000 1.386 
222.000 1.389 
223.000 1.388 
224.000 1.387 
225.000 1.384 
226.000 1.380 
227.000 1.378 
228.000 1.377 
229.000 1.375 
230.000 1.372 
231.000 1.367 
232.000 1.360 
233.000 1.351 
234.000 1.340 
235.000 1.331 
236.000 1.325 
237.000 1.322 
238.000 1.321 
239.000 1.323 
240.000 1.330 
241.000 1.339 
242.000 1.352 
243.000 1.369 
244.000 1.388 
245.000 1.409 
246.000 1.428 
247.000 1.445 
248.000 1.460 
249.000 1.474 
250.000 1.487 
251.000 1.495 
252.000 1.500 
253.000 1.504 
254.000 1.505 
255.000 1.505 
256.000 1.501 
257.000 1.492 
258.000 1.481 
259.000 1.464 
260.000 1.442 
261.000 1.416 
262.000 1.383 
263.000 1.346 
264.000 1.308 
265.000 1.271 
266.000 1.235 
267.000 1.200 
268.000 1.168 
269.000 1.139 
270.000 1.113 
271.000 1.091 
272.000 1.071 
273.000 1.053 
274.000 1.040 
275.000 1.030 
276.000 1.022 
277.000 1.018 
278.000 1.016 
279.000 1.015 
280.000 1.014 
281.000 1.014 
282.000 1.015 
283.000 1.017 
284.000 1.020 
285.000 1.022 
286.000 1.023 
287.000 1.025 
288.000 1.028 
289.000 1.035 
290.000 1.042 
291.000 1.050 
292.000 1.059 
293.000 1.070 
294.000 1.080 
295.000 1.093 
296.000 1.107 
297.000 1.122 
298.000 1.135 
299.000 1.147 
300.000 1.157 
301.000 1.166 
302.000 1.174 
303.000 1.178 
304.000 1.182 
305.000 1.184 
306.000 1.184 
307.000 1.179 
308.000 1.173 
309.000 1.166 
310.000 1.160 
311.000 1.155 
312.000 1.151 
313.000 1.147 
314.000 1.141 
315.000 1.130 
316.000 1.117 
317.000 1.101 
318.000 1.083 
319.000 1.065 
320.000 1.046 
321.000 1.026 
322.000 1.007 
323.000 0.987 
324.000 0.970 
325.000 0.955 
326.000 0.943 
327.000 0.936 
328.000 0.931 
329.000 0.928 
330.000 0.924 
331.000 0.919 
332.000 0.914 
333.000 0.911 
334.000 0.907 
335.000 0.905 
336.000 0.904 
337.000 0.908 
338.000 0.913 
339.000 0.921 
340.000 0.930 
341.000 0.941 
342.000 0.953 
343.000 0.965 
344.000 0.978 
345.000 0.993 
346.000 1.005 
347.000 1.014 
348.000 1.019 
349.000 1.021 
350.000 1.021 
351.000 1.016 
352.000 1.008 
353.000 0.998 
354.000 0.989 
355.000 0.981 
356.000 0.975 
357.000 0.971 
358.000 0.967 
359.000 0.965 
360.000 0.963 
361.000 0.960 
362.000 0.953 
363.000 0.942 
364.000 0.929 
365.000 0.917 
366.000 0.907 
367.000 0.899 
368.000 0.889 
369.000 0.879 
370.000 0.871 
371.000 0.865 
372.000 0.862 
373.000 0.861 
374.000 0.862 
375.000 0.864 
376.000 0.869 
377.000 0.877 
378.000 0.885 
379.000 0.895 
380.000 0.907 
381.000 0.917 
382.000 0.924 
383.000 0.932 
384.000 0.938 
385.000 0.944 
386.000 0.950 
387.000 0.956 
388.000 0.965 
389.000 0.977 
390.000 0.990 
391.000 1.003 
392.000 1.012 
393.000 1.018 
394.000 1.021 
395.000 1.021 
396.000 1.020 
397.000 1.019 
398.000 1.017 
399.000 1.015 
400.000 1.015 
