1.000 0.000 
2.000 0.000 
3.000 0.000 
4.000 0.000 
5.000 0.000 
6.000 0.000 
7.000 0.000 
8.000 0.000 
9.000 0.000 
10.000 0.000 
11.000 0.000 
12.000 0.000 
13.000 0.000 
14.000 0.000 
15.000 0.000 
16.000 0.034 
17.000 0.091 
18.000 0.162 
19.000 0.240 
20.000 0.321 
21.000 0.400 
22.000 0.474 
23.000 0.539 
24.000 0.595 
25.000 0.640 
26.000 0.675 
27.000 0.701 
28.000 0.718 
29.000 0.729 
30.000 0.734 
31.000 0.736 
32.000 0.737 
33.000 0.737 
34.000 0.737 
35.000 0.739 
36.000 0.742 
37.000 0.748 
38.000 0.755 
39.000 0.765 
40.000 0.775 
41.000 0.787 
42.000 0.800 
43.000 0.812 
44.000 0.825 
45.000 0.837 
46.000 0.848 
47.000 0.859 
48.000 0.868 
49.000 0.876 
50.000 0.883 
51.000 0.890 
52.000 0.895 
53.000 0.900 
54.000 0.904 
55.000 0.908 
56.000 0.911 
57.000 0.915 
58.000 0.918 
59.000 0.921 
60.000 0.924 
61.000 0.927 
62.000 0.931 
63.000 0.934 
64.000 0.937 
65.000 0.940 
66.000 0.943 
67.000 0.946 
68.000 0.949 
69.000 0.952 
70.000 0.954 
71.000 0.957 
72.000 0.959 
73.000 0.961 
74.000 0.963 
75.000 0.965 
76.000 0.967 
77.000 0.968 
78.000 0.970 
79.000 0.971 
80.000 0.972 
81.000 0.974 
82.000 0.975 
83.000 0.976 
84.000 0.977 
85.000 0.978 
86.000 0.979 
87.000 0.980 
88.000 0.981 
89.000 0.982 
90.000 0.983 
91.000 0.984 
92.000 0.985 
93.000 0.985 
94.000 0.986 
95.000 0.987 
96.000 0.987 
97.000 0.988 
98.000 0.989 
99.000 0.989 
100.000 0.990 
101.000 0.990 
102.000 0.991 
103.000 0.991 
104.000 0.992 
105.000 0.992 
106.000 0.992 
107.000 0.993 
108.000 0.993 
109.000 0.993 
110.000 0.994 
111.000 0.994 
112.000 0.994 
113.000 0.995 
114.000 0.995 
115.000 0.995 
116.000 0.995 
117.000 0.996 
118.000 0.996 
119.000 0.996 
120.000 0.996 
121.000 0.996 
122.000 0.997 
123.000 0.997 
124.000 0.997 
125.000 0.997 
126.000 0.997 
127.000 0.997 
128.000 0.997 
129.000 0.998 
130.000 0.998 
131.000 0.998 
132.000 0.998 
133.000 0.998 
134.000 0.998 
135.000 0.998 
136.000 0.998 
137.000 1.070 
138.000 1.134 
139.000 1.188 
140.000 1.230 
141.000 1.260 
142.000 1.275 
143.000 1.272 
144.000 1.252 
145.000 1.215 
146.000 1.164 
147.000 1.100 
148.000 1.028 
149.000 0.951 
150.000 0.872 
151.000 0.796 
152.000 0.726 
153.000 0.667 
154.000 0.620 
155.000 0.588 
156.000 0.573 
157.000 0.575 
158.000 0.594 
159.000 0.629 
160.000 0.679 
161.000 0.742 
162.000 0.815 
163.000 0.895 
164.000 0.979 
165.000 1.063 
166.000 1.145 
167.000 1.221 
168.000 1.287 
169.000 1.343 
170.000 1.384 
171.000 1.410 
172.000 1.420 
173.000 1.414 
174.000 1.392 
175.000 1.354 
176.000 1.303 
177.000 1.240 
178.000 1.167 
179.000 1.089 
180.000 1.007 
181.000 0.924 
182.000 0.845 
183.000 0.772 
184.000 0.707 
185.000 0.654 
186.000 0.614 
187.000 0.589 
188.000 0.579 
189.000 0.586 
190.000 0.609 
191.000 0.646 
192.000 0.697 
193.000 0.760 
194.000 0.832 
195.000 0.910 
196.000 0.992 
197.000 1.074 
198.000 1.153 
199.000 1.226 
200.000 1.291 
201.000 1.344 
202.000 1.384 
203.000 1.409 
204.000 1.419 
205.000 1.412 
206.000 1.390 
207.000 1.353 
208.000 1.302 
209.000 1.239 
210.000 1.167 
211.000 1.089 
212.000 1.008 
213.000 0.926 
214.000 0.847 
215.000 0.773 
216.000 0.709 
217.000 0.656 
218.000 0.615 
219.000 0.590 
220.000 0.581 
221.000 0.587 
222.000 0.610 
223.000 0.647 
224.000 0.698 
225.000 0.760 
226.000 0.832 
227.000 0.910 
228.000 0.992 
229.000 1.074 
230.000 1.153 
231.000 1.226 
232.000 1.291 
233.000 1.344 
234.000 1.384 
235.000 1.410 
236.000 1.419 
237.000 1.413 
238.000 1.390 
239.000 1.353 
240.000 1.302 
241.000 1.239 
242.000 1.168 
243.000 1.089 
244.000 1.008 
245.000 0.926 
246.000 0.847 
247.000 0.774 
248.000 0.709 
249.000 0.656 
250.000 0.616 
251.000 0.590 
252.000 0.581 
253.000 0.587 
254.000 0.610 
255.000 0.647 
256.000 0.698 
257.000 0.761 
258.000 0.832 
259.000 0.911 
260.000 0.992 
261.000 1.074 
262.000 1.153 
263.000 1.226 
264.000 1.291 
265.000 1.344 
266.000 1.384 
267.000 1.410 
268.000 1.419 
269.000 1.413 
270.000 1.390 
271.000 1.353 
272.000 1.302 
273.000 1.239 
274.000 1.168 
275.000 1.089 
276.000 1.008 
277.000 0.926 
278.000 0.847 
279.000 0.774 
280.000 0.709 
281.000 0.656 
282.000 0.616 
283.000 0.590 
284.000 0.581 
285.000 0.587 
286.000 0.610 
287.000 0.647 
288.000 0.698 
289.000 0.761 
290.000 0.832 
291.000 0.911 
292.000 0.992 
293.000 1.074 
294.000 1.153 
295.000 1.226 
296.000 1.291 
297.000 1.344 
298.000 1.384 
299.000 1.410 
300.000 1.419 
301.000 1.413 
302.000 1.390 
303.000 1.353 
304.000 1.302 
305.000 1.239 
306.000 1.168 
307.000 1.089 
308.000 1.008 
309.000 0.926 
310.000 0.847 
311.000 0.774 
312.000 0.709 
313.000 0.656 
314.000 0.616 
315.000 0.590 
316.000 0.581 
317.000 0.587 
318.000 0.610 
319.000 0.647 
320.000 0.698 
321.000 0.761 
322.000 0.832 
323.000 0.911 
324.000 0.992 
325.000 1.074 
326.000 1.153 
327.000 1.226 
328.000 1.291 
329.000 1.344 
330.000 1.384 
331.000 1.410 
332.000 1.419 
333.000 1.413 
334.000 1.390 
335.000 1.353 
336.000 1.302 
337.000 1.239 
338.000 1.168 
339.000 1.089 
340.000 1.008 
341.000 0.926 
342.000 0.847 
343.000 0.774 
344.000 0.709 
345.000 0.656 
346.000 0.616 
347.000 0.590 
348.000 0.581 
349.000 0.587 
350.000 0.610 
351.000 0.647 
352.000 0.698 
353.000 0.761 
354.000 0.832 
355.000 0.911 
356.000 0.992 
357.000 1.074 
358.000 1.153 
359.000 1.226 
360.000 1.291 
361.000 1.344 
362.000 1.384 
363.000 1.410 
364.000 1.419 
365.000 1.413 
366.000 1.390 
367.000 1.353 
368.000 1.302 
369.000 1.239 
370.000 1.168 
371.000 1.089 
372.000 1.008 
373.000 0.926 
374.000 0.847 
375.000 0.774 
376.000 0.709 
377.000 0.656 
378.000 0.616 
379.000 0.590 
380.000 0.581 
381.000 0.587 
382.000 0.610 
383.000 0.647 
384.000 0.698 
385.000 0.761 
386.000 0.832 
387.000 0.911 
388.000 0.992 
389.000 1.074 
390.000 1.153 
391.000 1.226 
392.000 1.291 
393.000 1.344 
394.000 1.384 
395.000 1.410 
396.000 1.419 
397.000 1.413 
398.000 1.390 
399.000 1.353 
400.000 1.302 
