1.000 0.000 
2.000 0.000 
3.000 0.000 
4.000 0.000 
5.000 0.000 
6.000 0.000 
7.000 0.045 
8.000 0.012 
9.000 0.130 
10.000 0.204 
11.000 0.281 
12.000 0.353 
13.000 0.304 
14.000 0.213 
15.000 0.197 
16.000 0.256 
17.000 0.306 
18.000 0.367 
19.000 0.468 
20.000 0.474 
21.000 0.549 
22.000 0.520 
23.000 0.556 
24.000 0.419 
25.000 0.516 
26.000 0.351 
27.000 0.364 
28.000 0.324 
29.000 0.249 
30.000 0.292 
31.000 0.340 
32.000 0.474 
33.000 0.501 
34.000 0.562 
35.000 0.587 
36.000 0.701 
37.000 0.772 
38.000 0.750 
39.000 0.728 
40.000 0.822 
41.000 0.755 
42.000 0.773 
43.000 0.650 
44.000 0.556 
45.000 0.589 
46.000 0.612 
47.000 0.670 
48.000 0.598 
49.000 0.662 
50.000 0.656 
51.000 0.646 
52.000 0.762 
53.000 0.849 
54.000 0.658 
55.000 0.675 
56.000 0.596 
57.000 0.586 
58.000 0.547 
59.000 0.689 
60.000 0.789 
61.000 0.835 
62.000 0.879 
63.000 0.899 
64.000 0.931 
65.000 0.921 
66.000 0.878 
67.000 0.884 
68.000 0.827 
69.000 0.772 
70.000 0.731 
71.000 0.714 
72.000 0.711 
73.000 0.900 
74.000 0.795 
75.000 0.721 
76.000 0.742 
77.000 0.754 
78.000 0.721 
79.000 0.768 
80.000 0.845 
81.000 0.780 
82.000 0.777 
83.000 0.707 
84.000 0.757 
85.000 0.806 
86.000 0.895 
87.000 0.842 
88.000 0.898 
89.000 0.910 
90.000 1.041 
91.000 1.068 
92.000 1.030 
93.000 1.008 
94.000 0.963 
95.000 1.069 
96.000 1.014 
97.000 0.889 
98.000 0.872 
99.000 0.962 
100.000 1.014 
101.000 1.024 
102.000 1.146 
103.000 1.079 
104.000 1.084 
105.000 0.992 
106.000 0.923 
107.000 0.891 
108.000 0.940 
109.000 1.090 
110.000 1.132 
111.000 1.030 
112.000 0.995 
113.000 0.939 
114.000 0.914 
115.000 0.999 
116.000 1.018 
117.000 1.082 
118.000 1.103 
119.000 1.021 
120.000 1.070 
121.000 0.943 
122.000 0.994 
123.000 1.015 
124.000 1.081 
125.000 0.948 
126.000 0.921 
127.000 0.909 
128.000 0.916 
129.000 0.979 
130.000 1.023 
131.000 1.061 
132.000 1.056 
133.000 1.160 
134.000 1.100 
135.000 1.077 
136.000 0.996 
137.000 1.112 
138.000 1.267 
139.000 1.262 
140.000 1.348 
141.000 1.342 
142.000 1.447 
143.000 1.319 
144.000 1.201 
145.000 1.342 
146.000 1.337 
147.000 1.197 
148.000 1.077 
149.000 1.088 
150.000 1.133 
151.000 1.178 
152.000 1.266 
153.000 1.287 
154.000 1.273 
155.000 1.332 
156.000 1.452 
157.000 1.401 
158.000 1.323 
159.000 1.330 
160.000 1.219 
161.000 1.044 
162.000 0.982 
163.000 0.956 
164.000 0.935 
165.000 0.826 
166.000 0.774 
167.000 0.729 
168.000 0.823 
169.000 0.833 
170.000 0.908 
171.000 0.967 
172.000 0.966 
173.000 0.829 
174.000 0.878 
175.000 0.944 
176.000 0.902 
177.000 0.912 
178.000 0.884 
179.000 1.021 
180.000 1.010 
181.000 1.019 
182.000 0.922 
183.000 0.862 
184.000 0.760 
185.000 0.830 
186.000 0.883 
187.000 0.834 
188.000 1.060 
189.000 1.113 
190.000 1.129 
191.000 1.234 
192.000 1.002 
193.000 0.967 
194.000 0.925 
195.000 0.919 
196.000 0.816 
197.000 0.844 
198.000 0.669 
199.000 0.699 
200.000 0.749 
201.000 0.779 
202.000 0.836 
203.000 0.807 
204.000 0.884 
205.000 0.882 
206.000 0.792 
207.000 0.806 
208.000 0.798 
209.000 0.769 
210.000 0.853 
211.000 0.896 
212.000 0.918 
213.000 0.910 
214.000 1.066 
215.000 1.165 
216.000 1.150 
217.000 1.143 
218.000 1.232 
219.000 1.326 
220.000 1.350 
221.000 1.250 
222.000 1.132 
223.000 1.117 
224.000 0.986 
225.000 0.857 
226.000 0.793 
227.000 0.846 
228.000 0.844 
229.000 0.859 
230.000 0.939 
231.000 0.953 
232.000 0.869 
233.000 0.939 
234.000 0.974 
235.000 0.971 
236.000 0.937 
237.000 0.896 
238.000 0.899 
239.000 0.845 
240.000 0.823 
241.000 0.731 
242.000 0.730 
243.000 0.719 
244.000 0.815 
245.000 0.967 
246.000 1.076 
247.000 1.169 
248.000 1.215 
249.000 1.239 
250.000 1.263 
251.000 1.165 
252.000 1.183 
253.000 1.039 
254.000 1.047 
255.000 0.937 
256.000 0.842 
257.000 0.792 
258.000 0.699 
259.000 0.725 
260.000 0.836 
261.000 0.850 
262.000 0.922 
263.000 0.960 
264.000 1.078 
265.000 1.076 
266.000 1.106 
267.000 1.280 
268.000 1.332 
269.000 1.216 
270.000 1.245 
271.000 1.110 
272.000 1.063 
273.000 1.027 
274.000 1.046 
275.000 0.968 
276.000 0.970 
277.000 1.063 
278.000 0.883 
279.000 0.789 
280.000 0.869 
281.000 0.848 
282.000 0.856 
283.000 0.930 
284.000 1.099 
285.000 0.991 
286.000 0.923 
287.000 0.912 
288.000 0.918 
289.000 0.932 
290.000 0.912 
291.000 1.007 
292.000 0.934 
293.000 0.956 
294.000 1.025 
295.000 1.048 
296.000 0.991 
297.000 0.991 
298.000 0.957 
299.000 0.911 
300.000 1.011 
301.000 0.987 
302.000 0.943 
303.000 0.883 
304.000 0.902 
305.000 0.803 
306.000 0.711 
307.000 0.766 
308.000 0.719 
309.000 0.754 
310.000 0.871 
311.000 0.997 
312.000 1.154 
313.000 1.100 
314.000 1.184 
315.000 1.205 
316.000 1.292 
317.000 1.275 
318.000 1.297 
319.000 1.324 
320.000 1.229 
321.000 1.131 
322.000 0.973 
323.000 0.929 
324.000 0.924 
325.000 0.851 
326.000 0.851 
327.000 0.827 
328.000 0.813 
329.000 0.896 
330.000 0.979 
331.000 1.083 
332.000 1.008 
333.000 1.010 
334.000 1.062 
335.000 0.970 
336.000 1.120 
337.000 1.119 
338.000 1.068 
339.000 1.123 
340.000 1.122 
341.000 1.103 
342.000 1.019 
343.000 0.865 
344.000 0.789 
345.000 0.751 
346.000 0.810 
347.000 0.882 
348.000 0.851 
349.000 0.946 
350.000 1.018 
351.000 1.032 
352.000 0.977 
353.000 1.061 
354.000 1.057 
355.000 0.991 
356.000 1.016 
357.000 1.056 
358.000 0.949 
359.000 1.095 
360.000 0.923 
361.000 0.822 
362.000 0.929 
363.000 0.973 
364.000 0.964 
365.000 0.980 
366.000 1.050 
367.000 0.998 
368.000 1.083 
369.000 1.133 
370.000 1.128 
371.000 1.131 
372.000 1.068 
373.000 0.994 
374.000 0.959 
375.000 1.035 
376.000 1.011 
377.000 0.977 
378.000 0.904 
379.000 0.834 
380.000 0.862 
381.000 0.967 
382.000 1.081 
383.000 1.132 
384.000 1.108 
385.000 1.078 
386.000 1.101 
387.000 1.161 
388.000 1.212 
389.000 1.024 
390.000 1.004 
391.000 0.912 
392.000 0.882 
393.000 1.013 
394.000 0.951 
395.000 0.836 
396.000 0.866 
397.000 0.881 
398.000 0.883 
399.000 0.979 
400.000 1.043 
