1.000 0.000 
2.000 0.000 
3.000 0.000 
4.000 0.000 
5.000 0.000 
6.000 0.000 
7.000 -0.048 
8.000 -0.054 
9.000 0.009 
10.000 0.068 
11.000 0.079 
12.000 0.089 
13.000 0.108 
14.000 0.029 
15.000 -0.005 
16.000 -0.062 
17.000 -0.020 
18.000 0.097 
19.000 0.212 
20.000 0.396 
21.000 0.469 
22.000 0.436 
23.000 0.569 
24.000 0.665 
25.000 0.669 
26.000 0.693 
27.000 0.729 
28.000 0.740 
29.000 0.756 
30.000 0.727 
31.000 0.702 
32.000 0.682 
33.000 0.627 
34.000 0.678 
35.000 0.662 
36.000 0.686 
37.000 0.638 
38.000 0.593 
39.000 0.599 
40.000 0.605 
41.000 0.681 
42.000 0.725 
43.000 0.766 
44.000 0.713 
45.000 0.690 
46.000 0.719 
47.000 0.726 
48.000 0.806 
49.000 0.877 
50.000 0.857 
51.000 0.898 
52.000 0.953 
53.000 0.955 
54.000 1.008 
55.000 1.023 
56.000 0.997 
57.000 0.996 
58.000 0.960 
59.000 0.902 
60.000 0.881 
61.000 0.850 
62.000 0.810 
63.000 0.870 
64.000 0.859 
65.000 0.966 
66.000 0.924 
67.000 0.931 
68.000 0.974 
69.000 1.067 
70.000 1.039 
71.000 0.961 
72.000 0.955 
73.000 0.857 
74.000 0.820 
75.000 0.809 
76.000 0.862 
77.000 0.909 
78.000 0.890 
79.000 0.915 
80.000 0.882 
81.000 0.902 
82.000 0.971 
83.000 0.959 
84.000 0.926 
85.000 0.883 
86.000 0.901 
87.000 0.946 
88.000 1.022 
89.000 0.995 
90.000 0.975 
91.000 0.916 
92.000 0.967 
93.000 0.936 
94.000 0.895 
95.000 0.971 
96.000 0.982 
97.000 0.990 
98.000 0.916 
99.000 0.917 
100.000 0.920 
101.000 0.858 
102.000 0.841 
103.000 0.820 
104.000 0.851 
105.000 0.813 
106.000 0.878 
107.000 0.966 
108.000 0.958 
109.000 0.961 
110.000 0.983 
111.000 1.035 
112.000 1.048 
113.000 1.050 
114.000 1.008 
115.000 0.980 
116.000 0.990 
117.000 1.047 
118.000 1.048 
119.000 0.969 
120.000 0.968 
121.000 0.945 
122.000 0.925 
123.000 0.906 
124.000 0.865 
125.000 0.857 
126.000 0.834 
127.000 0.839 
128.000 0.868 
129.000 0.902 
130.000 0.918 
131.000 0.936 
132.000 0.961 
133.000 1.003 
134.000 1.075 
135.000 1.106 
136.000 1.089 
137.000 1.253 
138.000 1.354 
139.000 1.371 
140.000 1.342 
141.000 1.332 
142.000 1.378 
143.000 1.393 
144.000 1.392 
145.000 1.411 
146.000 1.389 
147.000 1.363 
148.000 1.384 
149.000 1.405 
150.000 1.489 
151.000 1.459 
152.000 1.415 
153.000 1.333 
154.000 1.274 
155.000 1.223 
156.000 1.100 
157.000 1.057 
158.000 1.063 
159.000 1.018 
160.000 1.027 
161.000 1.058 
162.000 1.094 
163.000 1.111 
164.000 0.991 
165.000 0.957 
166.000 0.989 
167.000 1.001 
168.000 0.992 
169.000 1.000 
170.000 1.036 
171.000 1.024 
172.000 0.971 
173.000 0.945 
174.000 0.920 
175.000 0.948 
176.000 0.951 
177.000 0.960 
178.000 0.948 
179.000 0.916 
180.000 0.905 
181.000 0.902 
182.000 0.831 
183.000 0.838 
184.000 0.878 
185.000 0.874 
186.000 0.944 
187.000 0.960 
188.000 0.933 
189.000 0.916 
190.000 0.895 
191.000 0.900 
192.000 0.926 
193.000 0.903 
194.000 0.916 
195.000 0.982 
196.000 1.006 
197.000 1.020 
198.000 0.955 
199.000 0.909 
200.000 0.899 
201.000 0.879 
202.000 0.796 
203.000 0.729 
204.000 0.785 
205.000 0.766 
206.000 0.882 
207.000 0.793 
208.000 0.842 
209.000 0.859 
210.000 0.853 
211.000 0.894 
212.000 0.878 
213.000 0.940 
214.000 0.955 
215.000 0.896 
216.000 0.804 
217.000 0.818 
218.000 0.897 
219.000 0.930 
220.000 0.953 
221.000 0.998 
222.000 0.947 
223.000 1.026 
224.000 0.988 
225.000 0.999 
226.000 0.983 
227.000 0.994 
228.000 0.909 
229.000 0.988 
230.000 1.012 
231.000 1.105 
232.000 1.152 
233.000 1.131 
234.000 1.063 
235.000 0.964 
236.000 0.953 
237.000 0.953 
238.000 0.994 
239.000 0.941 
240.000 0.974 
241.000 0.970 
242.000 0.937 
243.000 0.973 
244.000 0.985 
245.000 0.977 
246.000 1.060 
247.000 1.076 
248.000 1.060 
249.000 1.054 
250.000 1.040 
251.000 1.030 
252.000 1.030 
253.000 0.983 
254.000 0.933 
255.000 0.939 
256.000 1.015 
257.000 0.988 
258.000 0.934 
259.000 0.918 
260.000 0.897 
261.000 0.890 
262.000 0.921 
263.000 0.925 
264.000 0.911 
265.000 0.905 
266.000 0.864 
267.000 0.851 
268.000 0.818 
269.000 0.833 
270.000 0.824 
271.000 0.840 
272.000 0.872 
273.000 0.867 
274.000 0.916 
275.000 0.975 
276.000 0.973 
277.000 1.059 
278.000 1.012 
279.000 1.025 
280.000 0.978 
281.000 0.991 
282.000 0.955 
283.000 0.959 
284.000 0.953 
285.000 0.932 
286.000 0.876 
287.000 0.945 
288.000 1.072 
289.000 1.199 
290.000 1.185 
291.000 1.186 
292.000 1.159 
293.000 1.157 
294.000 1.104 
295.000 1.011 
296.000 1.007 
297.000 0.952 
298.000 0.881 
299.000 1.006 
300.000 1.007 
301.000 1.046 
302.000 1.105 
303.000 1.036 
304.000 1.066 
305.000 1.090 
306.000 1.098 
307.000 1.101 
308.000 1.071 
309.000 1.097 
310.000 1.048 
311.000 1.007 
312.000 1.034 
313.000 1.103 
314.000 1.073 
315.000 1.039 
316.000 1.045 
317.000 1.082 
318.000 1.110 
319.000 1.101 
320.000 1.050 
321.000 1.058 
322.000 1.033 
323.000 1.077 
324.000 0.989 
325.000 0.983 
326.000 1.023 
327.000 0.987 
328.000 0.949 
329.000 0.900 
330.000 0.891 
331.000 0.890 
332.000 0.908 
333.000 0.882 
334.000 0.906 
335.000 0.897 
336.000 0.906 
337.000 0.892 
338.000 0.908 
339.000 1.092 
340.000 1.246 
341.000 1.281 
342.000 1.280 
343.000 1.176 
344.000 1.108 
345.000 1.037 
346.000 1.025 
347.000 1.010 
348.000 0.982 
349.000 0.938 
350.000 0.877 
351.000 0.869 
352.000 0.919 
353.000 0.938 
354.000 0.948 
355.000 0.978 
356.000 1.004 
357.000 0.931 
358.000 0.938 
359.000 0.922 
360.000 0.843 
361.000 0.804 
362.000 0.816 
363.000 0.886 
364.000 0.905 
365.000 0.946 
366.000 0.929 
367.000 0.863 
368.000 0.902 
369.000 0.893 
370.000 0.984 
371.000 1.084 
372.000 1.081 
373.000 1.142 
374.000 1.176 
375.000 1.101 
376.000 1.087 
377.000 1.081 
378.000 1.088 
379.000 1.097 
380.000 1.102 
381.000 1.105 
382.000 1.062 
383.000 1.054 
384.000 0.930 
385.000 0.872 
386.000 0.925 
387.000 0.900 
388.000 0.927 
389.000 1.002 
390.000 0.969 
391.000 0.939 
392.000 0.929 
393.000 0.967 
394.000 0.973 
395.000 0.945 
396.000 0.892 
397.000 0.900 
398.000 0.916 
399.000 0.921 
400.000 0.937 
