1.000 0.000 
2.000 0.000 
3.000 0.000 
4.000 0.000 
5.000 0.000 
6.000 0.000 
7.000 0.000 
8.000 0.000 
9.000 0.000 
10.000 0.000 
11.000 0.000 
12.000 0.000 
13.000 0.000 
14.000 0.000 
15.000 0.000 
16.000 0.034 
17.000 0.091 
18.000 0.162 
19.000 0.240 
20.000 0.321 
21.000 0.400 
22.000 0.474 
23.000 0.539 
24.000 0.595 
25.000 0.640 
26.000 0.675 
27.000 0.701 
28.000 0.718 
29.000 0.729 
30.000 0.734 
31.000 0.736 
32.000 0.737 
33.000 0.737 
34.000 0.737 
35.000 0.739 
36.000 0.742 
37.000 0.748 
38.000 0.755 
39.000 0.765 
40.000 0.775 
41.000 0.787 
42.000 0.800 
43.000 0.812 
44.000 0.825 
45.000 0.837 
46.000 0.848 
47.000 0.859 
48.000 0.868 
49.000 0.876 
50.000 0.883 
51.000 0.890 
52.000 0.895 
53.000 0.900 
54.000 0.904 
55.000 0.908 
56.000 0.911 
57.000 0.915 
58.000 0.918 
59.000 0.921 
60.000 0.924 
61.000 0.927 
62.000 0.931 
63.000 0.934 
64.000 0.937 
65.000 0.940 
66.000 0.943 
67.000 0.946 
68.000 0.949 
69.000 0.952 
70.000 0.954 
71.000 0.957 
72.000 0.959 
73.000 0.961 
74.000 0.963 
75.000 0.965 
76.000 0.967 
77.000 0.968 
78.000 0.970 
79.000 0.971 
80.000 0.972 
81.000 0.974 
82.000 0.975 
83.000 0.976 
84.000 0.977 
85.000 0.978 
86.000 0.979 
87.000 0.980 
88.000 0.981 
89.000 0.982 
90.000 0.983 
91.000 0.984 
92.000 0.985 
93.000 0.985 
94.000 0.986 
95.000 0.987 
96.000 0.987 
97.000 0.988 
98.000 0.989 
99.000 0.989 
100.000 0.990 
101.000 0.990 
102.000 0.991 
103.000 0.991 
104.000 0.992 
105.000 0.992 
106.000 0.992 
107.000 0.993 
108.000 0.993 
109.000 0.993 
110.000 0.994 
111.000 0.994 
112.000 0.994 
113.000 0.995 
114.000 0.995 
115.000 0.995 
116.000 0.995 
117.000 0.996 
118.000 0.996 
119.000 0.996 
120.000 0.996 
121.000 0.996 
122.000 0.997 
123.000 0.997 
124.000 0.997 
125.000 0.997 
126.000 0.997 
127.000 0.997 
128.000 0.997 
129.000 0.998 
130.000 0.998 
131.000 0.998 
132.000 0.998 
133.000 0.998 
134.000 0.998 
135.000 0.998 
136.000 0.998 
137.000 1.013 
138.000 1.026 
139.000 1.036 
140.000 1.044 
141.000 1.047 
142.000 1.047 
143.000 1.043 
144.000 1.036 
145.000 1.025 
146.000 1.012 
147.000 0.998 
148.000 0.982 
149.000 0.967 
150.000 0.952 
151.000 0.939 
152.000 0.929 
153.000 0.922 
154.000 0.918 
155.000 0.917 
156.000 0.920 
157.000 0.926 
158.000 0.936 
159.000 0.948 
160.000 0.962 
161.000 0.978 
162.000 0.995 
163.000 1.012 
164.000 1.029 
165.000 1.044 
166.000 1.057 
167.000 1.069 
168.000 1.077 
169.000 1.082 
170.000 1.085 
171.000 1.083 
172.000 1.079 
173.000 1.072 
174.000 1.061 
175.000 1.049 
176.000 1.035 
177.000 1.019 
178.000 1.003 
179.000 0.986 
180.000 0.970 
181.000 0.956 
182.000 0.943 
183.000 0.932 
184.000 0.924 
185.000 0.919 
186.000 0.917 
187.000 0.918 
188.000 0.923 
189.000 0.930 
190.000 0.940 
191.000 0.953 
192.000 0.967 
193.000 0.982 
194.000 0.998 
195.000 1.015 
196.000 1.030 
197.000 1.045 
198.000 1.058 
199.000 1.068 
200.000 1.076 
201.000 1.081 
202.000 1.083 
203.000 1.082 
204.000 1.078 
205.000 1.070 
206.000 1.060 
207.000 1.048 
208.000 1.034 
209.000 1.018 
210.000 1.002 
211.000 0.986 
212.000 0.970 
213.000 0.956 
214.000 0.943 
215.000 0.932 
216.000 0.924 
217.000 0.919 
218.000 0.917 
219.000 0.918 
220.000 0.923 
221.000 0.930 
222.000 0.940 
223.000 0.952 
224.000 0.966 
225.000 0.982 
226.000 0.998 
227.000 1.014 
228.000 1.030 
229.000 1.044 
230.000 1.057 
231.000 1.068 
232.000 1.076 
233.000 1.081 
234.000 1.083 
235.000 1.082 
236.000 1.077 
237.000 1.070 
238.000 1.060 
239.000 1.048 
240.000 1.034 
241.000 1.018 
242.000 1.002 
243.000 0.986 
244.000 0.970 
245.000 0.956 
246.000 0.943 
247.000 0.932 
248.000 0.924 
249.000 0.919 
250.000 0.917 
251.000 0.918 
252.000 0.923 
253.000 0.930 
254.000 0.940 
255.000 0.952 
256.000 0.966 
257.000 0.982 
258.000 0.998 
259.000 1.014 
260.000 1.030 
261.000 1.044 
262.000 1.057 
263.000 1.068 
264.000 1.076 
265.000 1.081 
266.000 1.083 
267.000 1.082 
268.000 1.077 
269.000 1.070 
270.000 1.060 
271.000 1.048 
272.000 1.034 
273.000 1.018 
274.000 1.002 
275.000 0.986 
276.000 0.970 
277.000 0.956 
278.000 0.943 
279.000 0.932 
280.000 0.924 
281.000 0.919 
282.000 0.917 
283.000 0.918 
284.000 0.923 
285.000 0.930 
286.000 0.940 
287.000 0.952 
288.000 0.966 
289.000 0.982 
290.000 0.998 
291.000 1.014 
292.000 1.030 
293.000 1.044 
294.000 1.057 
295.000 1.068 
296.000 1.076 
297.000 1.081 
298.000 1.083 
299.000 1.082 
300.000 1.077 
301.000 1.070 
302.000 1.060 
303.000 1.048 
304.000 1.034 
305.000 1.018 
306.000 1.002 
307.000 0.986 
308.000 0.970 
309.000 0.956 
310.000 0.943 
311.000 0.932 
312.000 0.924 
313.000 0.919 
314.000 0.917 
315.000 0.918 
316.000 0.923 
317.000 0.930 
318.000 0.940 
319.000 0.952 
320.000 0.966 
321.000 0.982 
322.000 0.998 
323.000 1.014 
324.000 1.030 
325.000 1.044 
326.000 1.057 
327.000 1.068 
328.000 1.076 
329.000 1.081 
330.000 1.083 
331.000 1.082 
332.000 1.077 
333.000 1.070 
334.000 1.060 
335.000 1.048 
336.000 1.034 
337.000 1.018 
338.000 1.002 
339.000 0.986 
340.000 0.970 
341.000 0.956 
342.000 0.943 
343.000 0.932 
344.000 0.924 
345.000 0.919 
346.000 0.917 
347.000 0.918 
348.000 0.923 
349.000 0.930 
350.000 0.940 
351.000 0.952 
352.000 0.966 
353.000 0.982 
354.000 0.998 
355.000 1.014 
356.000 1.030 
357.000 1.044 
358.000 1.057 
359.000 1.068 
360.000 1.076 
361.000 1.081 
362.000 1.083 
363.000 1.082 
364.000 1.077 
365.000 1.070 
366.000 1.060 
367.000 1.048 
368.000 1.034 
369.000 1.018 
370.000 1.002 
371.000 0.986 
372.000 0.970 
373.000 0.956 
374.000 0.943 
375.000 0.932 
376.000 0.924 
377.000 0.919 
378.000 0.917 
379.000 0.918 
380.000 0.923 
381.000 0.930 
382.000 0.940 
383.000 0.952 
384.000 0.966 
385.000 0.982 
386.000 0.998 
387.000 1.014 
388.000 1.030 
389.000 1.044 
390.000 1.057 
391.000 1.068 
392.000 1.076 
393.000 1.081 
394.000 1.083 
395.000 1.082 
396.000 1.077 
397.000 1.070 
398.000 1.060 
399.000 1.048 
400.000 1.034 
