1.000 0.000 
2.000 0.000 
3.000 0.000 
4.000 0.000 
5.000 0.000 
6.000 0.000 
7.000 0.000 
8.000 0.000 
9.000 0.000 
10.000 0.000 
11.000 0.000 
12.000 0.000 
13.000 0.000 
14.000 0.000 
15.000 0.000 
16.000 0.034 
17.000 0.091 
18.000 0.162 
19.000 0.240 
20.000 0.321 
21.000 0.400 
22.000 0.474 
23.000 0.539 
24.000 0.595 
25.000 0.640 
26.000 0.675 
27.000 0.701 
28.000 0.718 
29.000 0.729 
30.000 0.734 
31.000 0.736 
32.000 0.737 
33.000 0.737 
34.000 0.737 
35.000 0.739 
36.000 0.742 
37.000 0.748 
38.000 0.755 
39.000 0.765 
40.000 0.775 
41.000 0.787 
42.000 0.800 
43.000 0.812 
44.000 0.825 
45.000 0.837 
46.000 0.848 
47.000 0.859 
48.000 0.868 
49.000 0.876 
50.000 0.883 
51.000 0.890 
52.000 0.895 
53.000 0.900 
54.000 0.904 
55.000 0.908 
56.000 0.911 
57.000 0.915 
58.000 0.918 
59.000 0.921 
60.000 0.924 
61.000 0.927 
62.000 0.931 
63.000 0.934 
64.000 0.937 
65.000 0.940 
66.000 0.943 
67.000 0.946 
68.000 0.949 
69.000 0.952 
70.000 0.954 
71.000 0.957 
72.000 0.959 
73.000 0.961 
74.000 0.963 
75.000 0.965 
76.000 0.967 
77.000 0.968 
78.000 0.970 
79.000 0.971 
80.000 0.972 
81.000 0.974 
82.000 0.975 
83.000 0.976 
84.000 0.977 
85.000 0.978 
86.000 0.979 
87.000 0.980 
88.000 0.981 
89.000 0.982 
90.000 0.983 
91.000 0.984 
92.000 0.985 
93.000 0.985 
94.000 0.986 
95.000 0.987 
96.000 0.987 
97.000 0.988 
98.000 0.989 
99.000 0.989 
100.000 0.990 
101.000 0.990 
102.000 0.991 
103.000 0.991 
104.000 0.992 
105.000 0.992 
106.000 0.992 
107.000 0.993 
108.000 0.993 
109.000 0.993 
110.000 0.994 
111.000 0.994 
112.000 0.994 
113.000 0.995 
114.000 0.995 
115.000 0.995 
116.000 0.995 
117.000 0.996 
118.000 0.996 
119.000 0.996 
120.000 0.996 
121.000 0.996 
122.000 0.997 
123.000 0.997 
124.000 0.997 
125.000 0.997 
126.000 0.997 
127.000 0.997 
128.000 0.997 
129.000 0.998 
130.000 0.998 
131.000 0.998 
132.000 0.998 
133.000 0.998 
134.000 0.998 
135.000 0.998 
136.000 0.998 
137.000 1.041 
138.000 1.080 
139.000 1.112 
140.000 1.138 
141.000 1.156 
142.000 1.164 
143.000 1.163 
144.000 1.151 
145.000 1.129 
146.000 1.098 
147.000 1.060 
148.000 1.016 
149.000 0.970 
150.000 0.923 
151.000 0.877 
152.000 0.836 
153.000 0.800 
154.000 0.772 
155.000 0.753 
156.000 0.743 
157.000 0.745 
158.000 0.756 
159.000 0.777 
160.000 0.807 
161.000 0.845 
162.000 0.889 
163.000 0.937 
164.000 0.987 
165.000 1.038 
166.000 1.087 
167.000 1.132 
168.000 1.172 
169.000 1.205 
170.000 1.230 
171.000 1.246 
172.000 1.252 
173.000 1.248 
174.000 1.235 
175.000 1.212 
176.000 1.182 
177.000 1.144 
178.000 1.100 
179.000 1.053 
180.000 1.004 
181.000 0.954 
182.000 0.907 
183.000 0.863 
184.000 0.824 
185.000 0.792 
186.000 0.768 
187.000 0.753 
188.000 0.748 
189.000 0.752 
190.000 0.765 
191.000 0.788 
192.000 0.818 
193.000 0.856 
194.000 0.899 
195.000 0.946 
196.000 0.995 
197.000 1.044 
198.000 1.092 
199.000 1.136 
200.000 1.174 
201.000 1.206 
202.000 1.230 
203.000 1.246 
204.000 1.251 
205.000 1.247 
206.000 1.234 
207.000 1.212 
208.000 1.181 
209.000 1.143 
210.000 1.100 
211.000 1.053 
212.000 1.004 
213.000 0.955 
214.000 0.908 
215.000 0.864 
216.000 0.825 
217.000 0.793 
218.000 0.769 
219.000 0.754 
220.000 0.748 
221.000 0.752 
222.000 0.766 
223.000 0.788 
224.000 0.819 
225.000 0.856 
226.000 0.899 
227.000 0.946 
228.000 0.995 
229.000 1.044 
230.000 1.092 
231.000 1.136 
232.000 1.175 
233.000 1.207 
234.000 1.231 
235.000 1.246 
236.000 1.252 
237.000 1.248 
238.000 1.234 
239.000 1.212 
240.000 1.181 
241.000 1.144 
242.000 1.101 
243.000 1.054 
244.000 1.005 
245.000 0.956 
246.000 0.908 
247.000 0.864 
248.000 0.825 
249.000 0.793 
250.000 0.769 
251.000 0.754 
252.000 0.748 
253.000 0.752 
254.000 0.766 
255.000 0.788 
256.000 0.819 
257.000 0.856 
258.000 0.899 
259.000 0.946 
260.000 0.995 
261.000 1.044 
262.000 1.092 
263.000 1.136 
264.000 1.175 
265.000 1.207 
266.000 1.231 
267.000 1.246 
268.000 1.252 
269.000 1.248 
270.000 1.234 
271.000 1.212 
272.000 1.181 
273.000 1.144 
274.000 1.101 
275.000 1.054 
276.000 1.005 
277.000 0.956 
278.000 0.908 
279.000 0.864 
280.000 0.825 
281.000 0.793 
282.000 0.769 
283.000 0.754 
284.000 0.748 
285.000 0.752 
286.000 0.766 
287.000 0.788 
288.000 0.819 
289.000 0.856 
290.000 0.899 
291.000 0.946 
292.000 0.995 
293.000 1.044 
294.000 1.092 
295.000 1.136 
296.000 1.175 
297.000 1.207 
298.000 1.231 
299.000 1.246 
300.000 1.252 
301.000 1.248 
302.000 1.234 
303.000 1.212 
304.000 1.181 
305.000 1.144 
306.000 1.101 
307.000 1.054 
308.000 1.005 
309.000 0.956 
310.000 0.908 
311.000 0.864 
312.000 0.825 
313.000 0.793 
314.000 0.769 
315.000 0.754 
316.000 0.748 
317.000 0.752 
318.000 0.766 
319.000 0.788 
320.000 0.819 
321.000 0.856 
322.000 0.899 
323.000 0.946 
324.000 0.995 
325.000 1.044 
326.000 1.092 
327.000 1.136 
328.000 1.175 
329.000 1.207 
330.000 1.231 
331.000 1.246 
332.000 1.252 
333.000 1.248 
334.000 1.234 
335.000 1.212 
336.000 1.181 
337.000 1.144 
338.000 1.101 
339.000 1.054 
340.000 1.005 
341.000 0.956 
342.000 0.908 
343.000 0.864 
344.000 0.825 
345.000 0.793 
346.000 0.769 
347.000 0.754 
348.000 0.748 
349.000 0.752 
350.000 0.766 
351.000 0.788 
352.000 0.819 
353.000 0.856 
354.000 0.899 
355.000 0.946 
356.000 0.995 
357.000 1.044 
358.000 1.092 
359.000 1.136 
360.000 1.175 
361.000 1.207 
362.000 1.231 
363.000 1.246 
364.000 1.252 
365.000 1.248 
366.000 1.234 
367.000 1.212 
368.000 1.181 
369.000 1.144 
370.000 1.101 
371.000 1.054 
372.000 1.005 
373.000 0.956 
374.000 0.908 
375.000 0.864 
376.000 0.825 
377.000 0.793 
378.000 0.769 
379.000 0.754 
380.000 0.748 
381.000 0.752 
382.000 0.766 
383.000 0.788 
384.000 0.819 
385.000 0.856 
386.000 0.899 
387.000 0.946 
388.000 0.995 
389.000 1.044 
390.000 1.092 
391.000 1.136 
392.000 1.175 
393.000 1.207 
394.000 1.231 
395.000 1.246 
396.000 1.252 
397.000 1.248 
398.000 1.234 
399.000 1.212 
400.000 1.181 
