1.000 0.000 
2.000 0.000 
3.000 0.000 
4.000 0.000 
5.000 0.000 
6.000 0.000 
7.000 0.000 
8.000 0.000 
9.000 0.000 
10.000 0.000 
11.000 0.000 
12.000 0.000 
13.000 0.000 
14.000 0.000 
15.000 0.000 
16.000 0.034 
17.000 0.091 
18.000 0.162 
19.000 0.240 
20.000 0.321 
21.000 0.400 
22.000 0.474 
23.000 0.539 
24.000 0.595 
25.000 0.640 
26.000 0.675 
27.000 0.701 
28.000 0.718 
29.000 0.729 
30.000 0.734 
31.000 0.736 
32.000 0.737 
33.000 0.737 
34.000 0.737 
35.000 0.739 
36.000 0.742 
37.000 0.748 
38.000 0.755 
39.000 0.765 
40.000 0.775 
41.000 0.787 
42.000 0.800 
43.000 0.812 
44.000 0.825 
45.000 0.837 
46.000 0.848 
47.000 0.859 
48.000 0.868 
49.000 0.876 
50.000 0.883 
51.000 0.890 
52.000 0.895 
53.000 0.900 
54.000 0.904 
55.000 0.908 
56.000 0.911 
57.000 0.915 
58.000 0.918 
59.000 0.921 
60.000 0.924 
61.000 0.927 
62.000 0.931 
63.000 0.934 
64.000 0.937 
65.000 0.940 
66.000 0.943 
67.000 0.946 
68.000 0.949 
69.000 0.952 
70.000 0.954 
71.000 0.957 
72.000 0.959 
73.000 0.961 
74.000 0.963 
75.000 0.965 
76.000 0.967 
77.000 0.968 
78.000 0.970 
79.000 0.971 
80.000 0.972 
81.000 0.974 
82.000 0.975 
83.000 0.976 
84.000 0.977 
85.000 0.978 
86.000 0.979 
87.000 0.980 
88.000 0.981 
89.000 0.982 
90.000 0.983 
91.000 0.984 
92.000 0.985 
93.000 0.985 
94.000 0.986 
95.000 0.987 
96.000 0.987 
97.000 0.988 
98.000 0.989 
99.000 0.989 
100.000 0.990 
101.000 0.990 
102.000 0.991 
103.000 0.991 
104.000 0.992 
105.000 0.992 
106.000 0.992 
107.000 0.993 
108.000 0.993 
109.000 0.993 
110.000 0.994 
111.000 0.994 
112.000 0.994 
113.000 0.995 
114.000 0.995 
115.000 0.995 
116.000 0.995 
117.000 0.996 
118.000 0.996 
119.000 0.996 
120.000 0.996 
121.000 0.996 
122.000 0.997 
123.000 0.997 
124.000 0.997 
125.000 0.997 
126.000 0.997 
127.000 0.997 
128.000 0.997 
129.000 0.998 
130.000 0.998 
131.000 0.998 
132.000 0.998 
133.000 0.998 
134.000 0.998 
135.000 0.998 
136.000 0.998 
137.000 1.013 
138.000 1.026 
139.000 1.036 
140.000 1.045 
141.000 1.051 
142.000 1.054 
143.000 1.053 
144.000 1.049 
145.000 1.042 
146.000 1.032 
147.000 1.019 
148.000 1.005 
149.000 0.989 
150.000 0.974 
151.000 0.959 
152.000 0.945 
153.000 0.933 
154.000 0.923 
155.000 0.917 
156.000 0.914 
157.000 0.914 
158.000 0.918 
159.000 0.925 
160.000 0.935 
161.000 0.948 
162.000 0.963 
163.000 0.979 
164.000 0.995 
165.000 1.012 
166.000 1.029 
167.000 1.044 
168.000 1.057 
169.000 1.068 
170.000 1.077 
171.000 1.082 
172.000 1.084 
173.000 1.083 
174.000 1.078 
175.000 1.071 
176.000 1.060 
177.000 1.048 
178.000 1.033 
179.000 1.018 
180.000 1.001 
181.000 0.985 
182.000 0.969 
183.000 0.954 
184.000 0.941 
185.000 0.931 
186.000 0.923 
187.000 0.918 
188.000 0.916 
189.000 0.917 
190.000 0.922 
191.000 0.929 
192.000 0.939 
193.000 0.952 
194.000 0.966 
195.000 0.982 
196.000 0.998 
197.000 1.015 
198.000 1.031 
199.000 1.045 
200.000 1.058 
201.000 1.069 
202.000 1.077 
203.000 1.082 
204.000 1.084 
205.000 1.082 
206.000 1.078 
207.000 1.070 
208.000 1.060 
209.000 1.048 
210.000 1.033 
211.000 1.018 
212.000 1.001 
213.000 0.985 
214.000 0.969 
215.000 0.955 
216.000 0.942 
217.000 0.931 
218.000 0.923 
219.000 0.918 
220.000 0.916 
221.000 0.917 
222.000 0.922 
223.000 0.929 
224.000 0.940 
225.000 0.952 
226.000 0.966 
227.000 0.982 
228.000 0.998 
229.000 1.015 
230.000 1.031 
231.000 1.045 
232.000 1.058 
233.000 1.069 
234.000 1.077 
235.000 1.082 
236.000 1.084 
237.000 1.083 
238.000 1.078 
239.000 1.071 
240.000 1.060 
241.000 1.048 
242.000 1.034 
243.000 1.018 
244.000 1.002 
245.000 0.985 
246.000 0.969 
247.000 0.955 
248.000 0.942 
249.000 0.931 
250.000 0.923 
251.000 0.918 
252.000 0.916 
253.000 0.917 
254.000 0.922 
255.000 0.929 
256.000 0.940 
257.000 0.952 
258.000 0.966 
259.000 0.982 
260.000 0.998 
261.000 1.015 
262.000 1.031 
263.000 1.045 
264.000 1.058 
265.000 1.069 
266.000 1.077 
267.000 1.082 
268.000 1.084 
269.000 1.083 
270.000 1.078 
271.000 1.071 
272.000 1.060 
273.000 1.048 
274.000 1.034 
275.000 1.018 
276.000 1.002 
277.000 0.985 
278.000 0.969 
279.000 0.955 
280.000 0.942 
281.000 0.931 
282.000 0.923 
283.000 0.918 
284.000 0.916 
285.000 0.917 
286.000 0.922 
287.000 0.929 
288.000 0.940 
289.000 0.952 
290.000 0.966 
291.000 0.982 
292.000 0.998 
293.000 1.015 
294.000 1.031 
295.000 1.045 
296.000 1.058 
297.000 1.069 
298.000 1.077 
299.000 1.082 
300.000 1.084 
301.000 1.083 
302.000 1.078 
303.000 1.071 
304.000 1.060 
305.000 1.048 
306.000 1.034 
307.000 1.018 
308.000 1.002 
309.000 0.985 
310.000 0.969 
311.000 0.955 
312.000 0.942 
313.000 0.931 
314.000 0.923 
315.000 0.918 
316.000 0.916 
317.000 0.917 
318.000 0.922 
319.000 0.929 
320.000 0.940 
321.000 0.952 
322.000 0.966 
323.000 0.982 
324.000 0.998 
325.000 1.015 
326.000 1.031 
327.000 1.045 
328.000 1.058 
329.000 1.069 
330.000 1.077 
331.000 1.082 
332.000 1.084 
333.000 1.083 
334.000 1.078 
335.000 1.071 
336.000 1.060 
337.000 1.048 
338.000 1.034 
339.000 1.018 
340.000 1.002 
341.000 0.985 
342.000 0.969 
343.000 0.955 
344.000 0.942 
345.000 0.931 
346.000 0.923 
347.000 0.918 
348.000 0.916 
349.000 0.917 
350.000 0.922 
351.000 0.929 
352.000 0.940 
353.000 0.952 
354.000 0.966 
355.000 0.982 
356.000 0.998 
357.000 1.015 
358.000 1.031 
359.000 1.045 
360.000 1.058 
361.000 1.069 
362.000 1.077 
363.000 1.082 
364.000 1.084 
365.000 1.083 
366.000 1.078 
367.000 1.071 
368.000 1.060 
369.000 1.048 
370.000 1.034 
371.000 1.018 
372.000 1.002 
373.000 0.985 
374.000 0.969 
375.000 0.955 
376.000 0.942 
377.000 0.931 
378.000 0.923 
379.000 0.918 
380.000 0.916 
381.000 0.917 
382.000 0.922 
383.000 0.929 
384.000 0.940 
385.000 0.952 
386.000 0.966 
387.000 0.982 
388.000 0.998 
389.000 1.015 
390.000 1.031 
391.000 1.045 
392.000 1.058 
393.000 1.069 
394.000 1.077 
395.000 1.082 
396.000 1.084 
397.000 1.083 
398.000 1.078 
399.000 1.071 
400.000 1.060 
