1.000 0.000 
2.000 0.000 
3.000 0.000 
4.000 0.000 
5.000 0.000 
6.000 0.000 
7.000 0.013 
8.000 0.024 
9.000 0.033 
10.000 0.029 
11.000 0.022 
12.000 0.016 
13.000 0.032 
14.000 0.006 
15.000 0.007 
16.000 0.049 
17.000 0.101 
18.000 0.183 
19.000 0.264 
20.000 0.335 
21.000 0.420 
22.000 0.493 
23.000 0.557 
24.000 0.606 
25.000 0.656 
26.000 0.668 
27.000 0.695 
28.000 0.710 
29.000 0.716 
30.000 0.741 
31.000 0.740 
32.000 0.757 
33.000 0.777 
34.000 0.779 
35.000 0.787 
36.000 0.799 
37.000 0.801 
38.000 0.813 
39.000 0.797 
40.000 0.820 
41.000 0.810 
42.000 0.792 
43.000 0.823 
44.000 0.832 
45.000 0.851 
46.000 0.854 
47.000 0.850 
48.000 0.816 
49.000 0.842 
50.000 0.853 
51.000 0.867 
52.000 0.888 
53.000 0.880 
54.000 0.885 
55.000 0.915 
56.000 0.936 
57.000 0.926 
58.000 0.903 
59.000 0.905 
60.000 0.920 
61.000 0.945 
62.000 0.954 
63.000 0.944 
64.000 0.955 
65.000 0.943 
66.000 0.937 
67.000 0.935 
68.000 0.926 
69.000 0.933 
70.000 0.931 
71.000 0.940 
72.000 0.945 
73.000 0.952 
74.000 0.957 
75.000 0.987 
76.000 1.005 
77.000 1.012 
78.000 0.993 
79.000 0.974 
80.000 0.950 
81.000 0.997 
82.000 1.015 
83.000 1.021 
84.000 1.005 
85.000 0.988 
86.000 0.998 
87.000 1.021 
88.000 0.994 
89.000 0.988 
90.000 0.986 
91.000 0.959 
92.000 0.977 
93.000 0.974 
94.000 1.009 
95.000 1.004 
96.000 1.013 
97.000 0.995 
98.000 0.989 
99.000 0.974 
100.000 0.984 
101.000 1.007 
102.000 1.000 
103.000 1.008 
104.000 1.000 
105.000 1.003 
106.000 1.020 
107.000 1.020 
108.000 1.002 
109.000 0.987 
110.000 0.985 
111.000 0.983 
112.000 0.972 
113.000 0.978 
114.000 0.999 
115.000 0.998 
116.000 0.997 
117.000 0.966 
118.000 0.961 
119.000 0.947 
120.000 0.952 
121.000 0.970 
122.000 1.003 
123.000 1.036 
124.000 1.036 
125.000 1.032 
126.000 1.042 
127.000 1.045 
128.000 1.051 
129.000 1.053 
130.000 1.020 
131.000 1.019 
132.000 1.008 
133.000 0.990 
134.000 0.974 
135.000 0.990 
136.000 0.975 
137.000 1.104 
138.000 1.236 
139.000 1.380 
140.000 1.464 
141.000 1.530 
142.000 1.552 
143.000 1.593 
144.000 1.587 
145.000 1.571 
146.000 1.516 
147.000 1.480 
148.000 1.428 
149.000 1.352 
150.000 1.294 
151.000 1.232 
152.000 1.185 
153.000 1.138 
154.000 1.100 
155.000 1.056 
156.000 1.031 
157.000 1.028 
158.000 1.044 
159.000 1.017 
160.000 1.046 
161.000 1.057 
162.000 1.049 
163.000 1.031 
164.000 1.006 
165.000 1.004 
166.000 0.979 
167.000 0.958 
168.000 0.957 
169.000 0.950 
170.000 0.951 
171.000 0.944 
172.000 0.925 
173.000 0.906 
174.000 0.908 
175.000 0.889 
176.000 0.901 
177.000 0.906 
178.000 0.904 
179.000 0.897 
180.000 0.897 
181.000 0.943 
182.000 0.930 
183.000 0.897 
184.000 0.916 
185.000 0.914 
186.000 0.895 
187.000 0.924 
188.000 0.919 
189.000 0.912 
190.000 0.888 
191.000 0.863 
192.000 0.832 
193.000 0.826 
194.000 0.815 
195.000 0.833 
196.000 0.837 
197.000 0.875 
198.000 0.905 
199.000 0.914 
200.000 0.914 
201.000 0.934 
202.000 0.918 
203.000 0.929 
204.000 0.917 
205.000 0.911 
206.000 0.900 
207.000 0.910 
208.000 0.899 
209.000 0.886 
210.000 0.899 
211.000 0.898 
212.000 0.911 
213.000 0.911 
214.000 0.923 
215.000 0.892 
216.000 0.910 
217.000 0.946 
218.000 0.968 
219.000 0.985 
220.000 0.981 
221.000 0.982 
222.000 0.983 
223.000 0.980 
224.000 0.963 
225.000 0.954 
226.000 0.948 
227.000 0.940 
228.000 0.953 
229.000 0.989 
230.000 0.966 
231.000 0.967 
232.000 0.943 
233.000 0.965 
234.000 0.985 
235.000 0.960 
236.000 0.989 
237.000 0.969 
238.000 0.973 
239.000 0.987 
240.000 0.987 
241.000 1.017 
242.000 1.049 
243.000 1.039 
244.000 0.997 
245.000 0.980 
246.000 0.958 
247.000 0.942 
248.000 0.922 
249.000 0.925 
250.000 0.959 
251.000 0.951 
252.000 0.951 
253.000 0.972 
254.000 0.994 
255.000 1.002 
256.000 1.017 
257.000 1.025 
258.000 1.014 
259.000 1.013 
260.000 1.000 
261.000 0.980 
262.000 0.983 
263.000 0.978 
264.000 0.972 
265.000 0.972 
266.000 0.984 
267.000 0.987 
268.000 0.987 
269.000 0.988 
270.000 0.986 
271.000 0.973 
272.000 0.984 
273.000 1.003 
274.000 0.992 
275.000 1.018 
276.000 1.008 
277.000 1.000 
278.000 0.980 
279.000 0.965 
280.000 0.950 
281.000 0.958 
282.000 0.983 
283.000 0.992 
284.000 1.004 
285.000 1.022 
286.000 0.981 
287.000 0.979 
288.000 0.982 
289.000 0.994 
290.000 0.974 
291.000 0.961 
292.000 0.975 
293.000 0.976 
294.000 0.988 
295.000 0.976 
296.000 0.957 
297.000 0.974 
298.000 0.998 
299.000 1.026 
300.000 1.003 
301.000 0.985 
302.000 0.965 
303.000 0.971 
304.000 0.968 
305.000 0.995 
306.000 0.977 
307.000 0.959 
308.000 0.971 
309.000 0.998 
310.000 0.994 
311.000 0.983 
312.000 0.988 
313.000 0.972 
314.000 0.984 
315.000 1.005 
316.000 1.016 
317.000 0.993 
318.000 0.993 
319.000 0.995 
320.000 1.030 
321.000 1.046 
322.000 1.046 
323.000 1.063 
324.000 1.042 
325.000 1.033 
326.000 1.048 
327.000 1.063 
328.000 1.063 
329.000 1.058 
330.000 1.036 
331.000 1.035 
332.000 1.011 
333.000 1.011 
334.000 1.005 
335.000 1.015 
336.000 1.001 
337.000 1.005 
338.000 1.010 
339.000 0.991 
340.000 0.990 
341.000 1.010 
342.000 1.008 
343.000 0.999 
344.000 1.002 
345.000 0.994 
346.000 0.997 
347.000 0.992 
348.000 0.989 
349.000 0.994 
350.000 1.011 
351.000 1.013 
352.000 1.032 
353.000 0.994 
354.000 0.983 
355.000 0.982 
356.000 0.968 
357.000 0.949 
358.000 0.961 
359.000 0.973 
360.000 0.981 
361.000 0.989 
362.000 0.979 
363.000 0.975 
364.000 0.978 
365.000 0.973 
366.000 0.983 
367.000 1.022 
368.000 1.015 
369.000 1.025 
370.000 1.005 
371.000 1.024 
372.000 1.005 
373.000 1.006 
374.000 0.992 
375.000 0.999 
376.000 0.996 
377.000 0.994 
378.000 1.035 
379.000 1.020 
380.000 1.015 
381.000 1.047 
382.000 1.021 
383.000 1.023 
384.000 0.996 
385.000 1.007 
386.000 1.004 
387.000 1.008 
388.000 0.996 
389.000 0.994 
390.000 1.011 
391.000 0.971 
392.000 0.947 
393.000 0.954 
394.000 0.949 
395.000 0.951 
396.000 0.936 
397.000 0.934 
398.000 0.941 
399.000 0.945 
400.000 0.947 
