1.000 0.000 
2.000 0.000 
3.000 0.000 
4.000 0.000 
5.000 0.000 
6.000 0.000 
7.000 0.000 
8.000 0.000 
9.000 0.000 
10.000 0.000 
11.000 0.000 
12.000 -0.001 
13.000 -0.002 
14.000 -0.002 
15.000 -0.002 
16.000 0.034 
17.000 0.092 
18.000 0.165 
19.000 0.245 
20.000 0.328 
21.000 0.408 
22.000 0.482 
23.000 0.546 
24.000 0.601 
25.000 0.644 
26.000 0.677 
27.000 0.700 
28.000 0.714 
29.000 0.721 
30.000 0.724 
31.000 0.725 
32.000 0.725 
33.000 0.725 
34.000 0.725 
35.000 0.727 
36.000 0.730 
37.000 0.734 
38.000 0.741 
39.000 0.749 
40.000 0.756 
41.000 0.764 
42.000 0.772 
43.000 0.780 
44.000 0.787 
45.000 0.793 
46.000 0.799 
47.000 0.806 
48.000 0.811 
49.000 0.816 
50.000 0.820 
51.000 0.824 
52.000 0.828 
53.000 0.832 
54.000 0.835 
55.000 0.839 
56.000 0.842 
57.000 0.846 
58.000 0.851 
59.000 0.855 
60.000 0.860 
61.000 0.865 
62.000 0.872 
63.000 0.879 
64.000 0.885 
65.000 0.890 
66.000 0.894 
67.000 0.896 
68.000 0.899 
69.000 0.901 
70.000 0.902 
71.000 0.905 
72.000 0.908 
73.000 0.912 
74.000 0.917 
75.000 0.922 
76.000 0.928 
77.000 0.934 
78.000 0.938 
79.000 0.941 
80.000 0.942 
81.000 0.941 
82.000 0.941 
83.000 0.942 
84.000 0.942 
85.000 0.942 
86.000 0.944 
87.000 0.948 
88.000 0.952 
89.000 0.957 
90.000 0.962 
91.000 0.967 
92.000 0.970 
93.000 0.974 
94.000 0.977 
95.000 0.981 
96.000 0.984 
97.000 0.986 
98.000 0.987 
99.000 0.989 
100.000 0.991 
101.000 0.994 
102.000 0.997 
103.000 1.001 
104.000 1.005 
105.000 1.009 
106.000 1.014 
107.000 1.020 
108.000 1.027 
109.000 1.035 
110.000 1.044 
111.000 1.054 
112.000 1.065 
113.000 1.075 
114.000 1.085 
115.000 1.093 
116.000 1.099 
117.000 1.104 
118.000 1.106 
119.000 1.108 
120.000 1.108 
121.000 1.106 
122.000 1.102 
123.000 1.098 
124.000 1.095 
125.000 1.093 
126.000 1.091 
127.000 1.089 
128.000 1.087 
129.000 1.085 
130.000 1.083 
131.000 1.082 
132.000 1.082 
133.000 1.083 
134.000 1.083 
135.000 1.085 
136.000 1.088 
137.000 1.237 
138.000 1.368 
139.000 1.482 
140.000 1.567 
141.000 1.630 
142.000 1.669 
143.000 1.686 
144.000 1.684 
145.000 1.663 
146.000 1.628 
147.000 1.584 
148.000 1.535 
149.000 1.482 
150.000 1.429 
151.000 1.379 
152.000 1.334 
153.000 1.295 
154.000 1.262 
155.000 1.235 
156.000 1.214 
157.000 1.198 
158.000 1.185 
159.000 1.176 
160.000 1.168 
161.000 1.162 
162.000 1.155 
163.000 1.148 
164.000 1.140 
165.000 1.131 
166.000 1.119 
167.000 1.105 
168.000 1.090 
169.000 1.072 
170.000 1.053 
171.000 1.032 
172.000 1.011 
173.000 0.990 
174.000 0.970 
175.000 0.952 
176.000 0.934 
177.000 0.917 
178.000 0.902 
179.000 0.888 
180.000 0.877 
181.000 0.867 
182.000 0.859 
183.000 0.853 
184.000 0.848 
185.000 0.845 
186.000 0.842 
187.000 0.842 
188.000 0.843 
189.000 0.845 
190.000 0.848 
191.000 0.850 
192.000 0.854 
193.000 0.857 
194.000 0.860 
195.000 0.863 
196.000 0.866 
197.000 0.869 
198.000 0.872 
199.000 0.875 
200.000 0.877 
201.000 0.880 
202.000 0.881 
203.000 0.882 
204.000 0.883 
205.000 0.884 
206.000 0.886 
207.000 0.889 
208.000 0.894 
209.000 0.899 
210.000 0.906 
211.000 0.913 
212.000 0.919 
213.000 0.926 
214.000 0.932 
215.000 0.939 
216.000 0.945 
217.000 0.950 
218.000 0.954 
219.000 0.958 
220.000 0.962 
221.000 0.966 
222.000 0.971 
223.000 0.976 
224.000 0.981 
225.000 0.985 
226.000 0.989 
227.000 0.994 
228.000 0.999 
229.000 1.004 
230.000 1.009 
231.000 1.014 
232.000 1.019 
233.000 1.026 
234.000 1.033 
235.000 1.042 
236.000 1.050 
237.000 1.059 
238.000 1.068 
239.000 1.075 
240.000 1.083 
241.000 1.090 
242.000 1.098 
243.000 1.106 
244.000 1.115 
245.000 1.126 
246.000 1.135 
247.000 1.146 
248.000 1.155 
249.000 1.164 
250.000 1.173 
251.000 1.183 
252.000 1.193 
253.000 1.202 
254.000 1.210 
255.000 1.217 
256.000 1.223 
257.000 1.227 
258.000 1.229 
259.000 1.229 
260.000 1.228 
261.000 1.226 
262.000 1.222 
263.000 1.217 
264.000 1.209 
265.000 1.201 
266.000 1.192 
267.000 1.184 
268.000 1.177 
269.000 1.171 
270.000 1.166 
271.000 1.160 
272.000 1.155 
273.000 1.152 
274.000 1.151 
275.000 1.151 
276.000 1.151 
277.000 1.152 
278.000 1.154 
279.000 1.157 
280.000 1.161 
281.000 1.165 
282.000 1.169 
283.000 1.173 
284.000 1.175 
285.000 1.178 
286.000 1.178 
287.000 1.178 
288.000 1.175 
289.000 1.172 
290.000 1.167 
291.000 1.161 
292.000 1.154 
293.000 1.146 
294.000 1.139 
295.000 1.133 
296.000 1.128 
297.000 1.125 
298.000 1.123 
299.000 1.121 
300.000 1.120 
301.000 1.119 
302.000 1.119 
303.000 1.119 
304.000 1.117 
305.000 1.114 
306.000 1.111 
307.000 1.106 
308.000 1.100 
309.000 1.094 
310.000 1.087 
311.000 1.080 
312.000 1.073 
313.000 1.068 
314.000 1.064 
315.000 1.060 
316.000 1.057 
317.000 1.053 
318.000 1.049 
319.000 1.044 
320.000 1.039 
321.000 1.034 
322.000 1.029 
323.000 1.026 
324.000 1.023 
325.000 1.021 
326.000 1.019 
327.000 1.019 
328.000 1.019 
329.000 1.018 
330.000 1.018 
331.000 1.018 
332.000 1.019 
333.000 1.022 
334.000 1.024 
335.000 1.026 
336.000 1.026 
337.000 1.025 
338.000 1.024 
339.000 1.024 
340.000 1.024 
341.000 1.024 
342.000 1.025 
343.000 1.026 
344.000 1.027 
345.000 1.027 
346.000 1.029 
347.000 1.030 
348.000 1.032 
349.000 1.035 
350.000 1.040 
351.000 1.046 
352.000 1.053 
353.000 1.060 
354.000 1.067 
355.000 1.072 
356.000 1.076 
357.000 1.079 
358.000 1.081 
359.000 1.083 
360.000 1.084 
361.000 1.086 
362.000 1.089 
363.000 1.091 
364.000 1.094 
365.000 1.097 
366.000 1.101 
367.000 1.104 
368.000 1.107 
369.000 1.111 
370.000 1.113 
371.000 1.115 
372.000 1.117 
373.000 1.120 
374.000 1.122 
375.000 1.124 
376.000 1.126 
377.000 1.127 
378.000 1.127 
379.000 1.126 
380.000 1.126 
381.000 1.124 
382.000 1.123 
383.000 1.120 
384.000 1.118 
385.000 1.116 
386.000 1.114 
387.000 1.112 
388.000 1.111 
389.000 1.109 
390.000 1.109 
391.000 1.109 
392.000 1.110 
393.000 1.111 
394.000 1.113 
395.000 1.116 
396.000 1.118 
397.000 1.118 
398.000 1.117 
399.000 1.115 
400.000 1.112 
