1.000 0.000 
2.000 0.000 
3.000 0.000 
4.000 0.000 
5.000 0.000 
6.000 0.000 
7.000 0.000 
8.000 0.000 
9.000 0.000 
10.000 0.000 
11.000 0.000 
12.000 0.000 
13.000 0.000 
14.000 0.000 
15.000 0.000 
16.000 0.034 
17.000 0.091 
18.000 0.162 
19.000 0.240 
20.000 0.321 
21.000 0.400 
22.000 0.474 
23.000 0.539 
24.000 0.595 
25.000 0.640 
26.000 0.675 
27.000 0.701 
28.000 0.718 
29.000 0.729 
30.000 0.734 
31.000 0.736 
32.000 0.737 
33.000 0.737 
34.000 0.737 
35.000 0.739 
36.000 0.742 
37.000 0.748 
38.000 0.755 
39.000 0.765 
40.000 0.775 
41.000 0.787 
42.000 0.800 
43.000 0.812 
44.000 0.825 
45.000 0.837 
46.000 0.848 
47.000 0.859 
48.000 0.868 
49.000 0.876 
50.000 0.883 
51.000 0.890 
52.000 0.895 
53.000 0.900 
54.000 0.904 
55.000 0.908 
56.000 0.911 
57.000 0.915 
58.000 0.918 
59.000 0.921 
60.000 0.924 
61.000 0.927 
62.000 0.931 
63.000 0.934 
64.000 0.937 
65.000 0.940 
66.000 0.943 
67.000 0.946 
68.000 0.949 
69.000 0.952 
70.000 0.954 
71.000 0.957 
72.000 0.959 
73.000 0.961 
74.000 0.963 
75.000 0.965 
76.000 0.967 
77.000 0.968 
78.000 0.970 
79.000 0.971 
80.000 0.972 
81.000 0.974 
82.000 0.975 
83.000 0.976 
84.000 0.977 
85.000 0.978 
86.000 0.979 
87.000 0.980 
88.000 0.981 
89.000 0.982 
90.000 0.983 
91.000 0.984 
92.000 0.985 
93.000 0.985 
94.000 0.986 
95.000 0.987 
96.000 0.987 
97.000 0.988 
98.000 0.989 
99.000 0.989 
100.000 0.990 
101.000 0.990 
102.000 0.991 
103.000 0.991 
104.000 0.992 
105.000 0.992 
106.000 0.992 
107.000 0.993 
108.000 0.993 
109.000 0.993 
110.000 0.994 
111.000 0.994 
112.000 0.994 
113.000 0.995 
114.000 0.995 
115.000 0.995 
116.000 0.995 
117.000 0.996 
118.000 0.996 
119.000 0.996 
120.000 0.996 
121.000 0.996 
122.000 0.997 
123.000 0.997 
124.000 0.997 
125.000 0.997 
126.000 0.997 
127.000 0.997 
128.000 0.997 
129.000 0.998 
130.000 0.998 
131.000 0.998 
132.000 0.998 
133.000 0.998 
134.000 0.998 
135.000 0.998 
136.000 0.998 
137.000 1.145 
138.000 1.272 
139.000 1.382 
140.000 1.477 
141.000 1.560 
142.000 1.627 
143.000 1.676 
144.000 1.709 
145.000 1.725 
146.000 1.728 
147.000 1.718 
148.000 1.699 
149.000 1.673 
150.000 1.643 
151.000 1.609 
152.000 1.575 
153.000 1.542 
154.000 1.511 
155.000 1.482 
156.000 1.456 
157.000 1.434 
158.000 1.414 
159.000 1.397 
160.000 1.382 
161.000 1.369 
162.000 1.357 
163.000 1.346 
164.000 1.335 
165.000 1.325 
166.000 1.314 
167.000 1.303 
168.000 1.292 
169.000 1.280 
170.000 1.268 
171.000 1.256 
172.000 1.243 
173.000 1.231 
174.000 1.219 
175.000 1.208 
176.000 1.197 
177.000 1.187 
178.000 1.177 
179.000 1.168 
180.000 1.159 
181.000 1.151 
182.000 1.143 
183.000 1.137 
184.000 1.130 
185.000 1.124 
186.000 1.118 
187.000 1.113 
188.000 1.108 
189.000 1.103 
190.000 1.098 
191.000 1.094 
192.000 1.089 
193.000 1.085 
194.000 1.081 
195.000 1.077 
196.000 1.073 
197.000 1.070 
198.000 1.066 
199.000 1.063 
200.000 1.060 
201.000 1.057 
202.000 1.054 
203.000 1.051 
204.000 1.049 
205.000 1.046 
206.000 1.044 
207.000 1.042 
208.000 1.040 
209.000 1.038 
210.000 1.036 
211.000 1.034 
212.000 1.033 
213.000 1.031 
214.000 1.029 
215.000 1.028 
216.000 1.027 
217.000 1.025 
218.000 1.024 
219.000 1.023 
220.000 1.022 
221.000 1.021 
222.000 1.020 
223.000 1.019 
224.000 1.018 
225.000 1.017 
226.000 1.016 
227.000 1.015 
228.000 1.015 
229.000 1.014 
230.000 1.013 
231.000 1.013 
232.000 1.012 
233.000 1.011 
234.000 1.011 
235.000 1.010 
236.000 1.010 
237.000 1.009 
238.000 1.009 
239.000 1.008 
240.000 1.008 
241.000 1.008 
242.000 1.007 
243.000 1.007 
244.000 1.007 
245.000 1.006 
246.000 1.006 
247.000 1.006 
248.000 1.005 
249.000 1.005 
250.000 1.005 
251.000 1.005 
252.000 1.004 
253.000 1.004 
254.000 1.004 
255.000 1.004 
256.000 1.004 
257.000 1.003 
258.000 1.003 
259.000 1.003 
260.000 1.003 
261.000 1.003 
262.000 1.003 
263.000 1.003 
264.000 1.002 
265.000 1.002 
266.000 1.002 
267.000 1.002 
268.000 1.002 
269.000 1.002 
270.000 1.002 
271.000 1.002 
272.000 1.002 
273.000 1.002 
274.000 1.001 
275.000 1.001 
276.000 1.001 
277.000 1.001 
278.000 1.001 
279.000 1.001 
280.000 1.001 
281.000 1.001 
282.000 1.001 
283.000 1.001 
284.000 1.001 
285.000 1.001 
286.000 1.001 
287.000 1.001 
288.000 1.001 
289.000 1.001 
290.000 1.001 
291.000 1.001 
292.000 1.001 
293.000 1.001 
294.000 1.001 
295.000 1.001 
296.000 1.000 
297.000 1.000 
298.000 1.000 
299.000 1.000 
300.000 1.000 
301.000 1.000 
302.000 1.000 
303.000 1.000 
304.000 1.000 
305.000 1.000 
306.000 1.000 
307.000 1.000 
308.000 1.000 
309.000 1.000 
310.000 1.000 
311.000 1.000 
312.000 1.000 
313.000 1.000 
314.000 1.000 
315.000 1.000 
316.000 1.000 
317.000 1.000 
318.000 1.000 
319.000 1.000 
320.000 1.000 
321.000 1.000 
322.000 1.000 
323.000 1.000 
324.000 1.000 
325.000 1.000 
326.000 1.000 
327.000 1.000 
328.000 1.000 
329.000 1.000 
330.000 1.000 
331.000 1.000 
332.000 1.000 
333.000 1.000 
334.000 1.000 
335.000 1.000 
336.000 1.000 
337.000 1.000 
338.000 1.000 
339.000 1.000 
340.000 1.000 
341.000 1.000 
342.000 1.000 
343.000 1.000 
344.000 1.000 
345.000 1.000 
346.000 1.000 
347.000 1.000 
348.000 1.000 
349.000 1.000 
350.000 1.000 
351.000 1.000 
352.000 1.000 
353.000 1.000 
354.000 1.000 
355.000 1.000 
356.000 1.000 
357.000 1.000 
358.000 1.000 
359.000 1.000 
360.000 1.000 
361.000 1.000 
362.000 1.000 
363.000 1.000 
364.000 1.000 
365.000 1.000 
366.000 1.000 
367.000 1.000 
368.000 1.000 
369.000 1.000 
370.000 1.000 
371.000 1.000 
372.000 1.000 
373.000 1.000 
374.000 1.000 
375.000 1.000 
376.000 1.000 
377.000 1.000 
378.000 1.000 
379.000 1.000 
380.000 1.000 
381.000 1.000 
382.000 1.000 
383.000 1.000 
384.000 1.000 
385.000 1.000 
386.000 1.000 
387.000 1.000 
388.000 1.000 
389.000 1.000 
390.000 1.000 
391.000 1.000 
392.000 1.000 
393.000 1.000 
394.000 1.000 
395.000 1.000 
396.000 1.000 
397.000 1.000 
398.000 1.000 
399.000 1.000 
400.000 1.000 
