1.000 0.000 
2.000 0.000 
3.000 0.000 
4.000 0.000 
5.000 0.000 
6.000 0.000 
7.000 0.000 
8.000 0.000 
9.000 0.000 
10.000 0.000 
11.000 0.000 
12.000 0.000 
13.000 0.000 
14.000 0.000 
15.000 0.000 
16.000 0.034 
17.000 0.091 
18.000 0.162 
19.000 0.240 
20.000 0.321 
21.000 0.400 
22.000 0.474 
23.000 0.539 
24.000 0.595 
25.000 0.640 
26.000 0.675 
27.000 0.701 
28.000 0.718 
29.000 0.729 
30.000 0.734 
31.000 0.736 
32.000 0.737 
33.000 0.737 
34.000 0.737 
35.000 0.739 
36.000 0.742 
37.000 0.748 
38.000 0.755 
39.000 0.765 
40.000 0.775 
41.000 0.787 
42.000 0.800 
43.000 0.812 
44.000 0.825 
45.000 0.837 
46.000 0.848 
47.000 0.859 
48.000 0.868 
49.000 0.876 
50.000 0.883 
51.000 0.890 
52.000 0.895 
53.000 0.900 
54.000 0.904 
55.000 0.908 
56.000 0.911 
57.000 0.915 
58.000 0.918 
59.000 0.921 
60.000 0.924 
61.000 0.927 
62.000 0.931 
63.000 0.934 
64.000 0.937 
65.000 0.940 
66.000 0.943 
67.000 0.946 
68.000 0.949 
69.000 0.952 
70.000 0.954 
71.000 0.957 
72.000 0.959 
73.000 0.961 
74.000 0.963 
75.000 0.965 
76.000 0.967 
77.000 0.968 
78.000 0.970 
79.000 0.971 
80.000 0.972 
81.000 0.974 
82.000 0.975 
83.000 0.976 
84.000 0.977 
85.000 0.978 
86.000 0.979 
87.000 0.980 
88.000 0.981 
89.000 0.982 
90.000 0.983 
91.000 0.984 
92.000 0.985 
93.000 0.985 
94.000 0.986 
95.000 0.987 
96.000 0.987 
97.000 0.988 
98.000 0.989 
99.000 0.989 
100.000 0.990 
101.000 0.990 
102.000 0.991 
103.000 0.991 
104.000 0.992 
105.000 0.992 
106.000 0.992 
107.000 0.993 
108.000 0.993 
109.000 0.993 
110.000 0.994 
111.000 0.994 
112.000 0.994 
113.000 0.995 
114.000 0.995 
115.000 0.995 
116.000 0.995 
117.000 0.996 
118.000 0.996 
119.000 0.996 
120.000 0.996 
121.000 0.996 
122.000 0.997 
123.000 0.997 
124.000 0.997 
125.000 0.997 
126.000 0.997 
127.000 0.997 
128.000 0.997 
129.000 0.998 
130.000 0.998 
131.000 0.998 
132.000 0.998 
133.000 0.998 
134.000 0.998 
135.000 0.998 
136.000 0.998 
137.000 1.070 
138.000 1.134 
139.000 1.188 
140.000 1.224 
141.000 1.242 
142.000 1.242 
143.000 1.222 
144.000 1.185 
145.000 1.132 
146.000 1.066 
147.000 0.993 
148.000 0.915 
149.000 0.837 
150.000 0.764 
151.000 0.700 
152.000 0.648 
153.000 0.611 
154.000 0.590 
155.000 0.587 
156.000 0.602 
157.000 0.634 
158.000 0.681 
159.000 0.742 
160.000 0.814 
161.000 0.894 
162.000 0.978 
163.000 1.063 
164.000 1.145 
165.000 1.221 
166.000 1.288 
167.000 1.344 
168.000 1.387 
169.000 1.413 
170.000 1.424 
171.000 1.418 
172.000 1.396 
173.000 1.359 
174.000 1.308 
175.000 1.246 
176.000 1.174 
177.000 1.095 
178.000 1.014 
179.000 0.932 
180.000 0.853 
181.000 0.780 
182.000 0.715 
183.000 0.662 
184.000 0.622 
185.000 0.597 
186.000 0.587 
187.000 0.593 
188.000 0.615 
189.000 0.652 
190.000 0.702 
191.000 0.764 
192.000 0.834 
193.000 0.912 
194.000 0.992 
195.000 1.073 
196.000 1.152 
197.000 1.224 
198.000 1.288 
199.000 1.341 
200.000 1.381 
201.000 1.406 
202.000 1.416 
203.000 1.410 
204.000 1.388 
205.000 1.352 
206.000 1.302 
207.000 1.240 
208.000 1.169 
209.000 1.092 
210.000 1.011 
211.000 0.930 
212.000 0.852 
213.000 0.779 
214.000 0.715 
215.000 0.662 
216.000 0.622 
217.000 0.596 
218.000 0.586 
219.000 0.592 
220.000 0.614 
221.000 0.650 
222.000 0.700 
223.000 0.762 
224.000 0.833 
225.000 0.910 
226.000 0.990 
227.000 1.071 
228.000 1.150 
229.000 1.222 
230.000 1.287 
231.000 1.340 
232.000 1.380 
233.000 1.405 
234.000 1.415 
235.000 1.409 
236.000 1.387 
237.000 1.351 
238.000 1.301 
239.000 1.239 
240.000 1.168 
241.000 1.091 
242.000 1.011 
243.000 0.929 
244.000 0.851 
245.000 0.778 
246.000 0.714 
247.000 0.661 
248.000 0.621 
249.000 0.596 
250.000 0.586 
251.000 0.592 
252.000 0.613 
253.000 0.650 
254.000 0.700 
255.000 0.761 
256.000 0.832 
257.000 0.909 
258.000 0.990 
259.000 1.071 
260.000 1.149 
261.000 1.222 
262.000 1.286 
263.000 1.339 
264.000 1.379 
265.000 1.405 
266.000 1.415 
267.000 1.409 
268.000 1.387 
269.000 1.351 
270.000 1.301 
271.000 1.239 
272.000 1.168 
273.000 1.091 
274.000 1.010 
275.000 0.929 
276.000 0.851 
277.000 0.778 
278.000 0.714 
279.000 0.661 
280.000 0.621 
281.000 0.595 
282.000 0.585 
283.000 0.591 
284.000 0.613 
285.000 0.650 
286.000 0.700 
287.000 0.761 
288.000 0.832 
289.000 0.909 
290.000 0.990 
291.000 1.071 
292.000 1.149 
293.000 1.222 
294.000 1.286 
295.000 1.339 
296.000 1.379 
297.000 1.405 
298.000 1.415 
299.000 1.409 
300.000 1.387 
301.000 1.350 
302.000 1.300 
303.000 1.239 
304.000 1.168 
305.000 1.091 
306.000 1.010 
307.000 0.929 
308.000 0.851 
309.000 0.778 
310.000 0.714 
311.000 0.661 
312.000 0.621 
313.000 0.595 
314.000 0.585 
315.000 0.591 
316.000 0.613 
317.000 0.650 
318.000 0.700 
319.000 0.761 
320.000 0.832 
321.000 0.909 
322.000 0.990 
323.000 1.071 
324.000 1.149 
325.000 1.222 
326.000 1.286 
327.000 1.339 
328.000 1.379 
329.000 1.405 
330.000 1.415 
331.000 1.409 
332.000 1.387 
333.000 1.350 
334.000 1.300 
335.000 1.239 
336.000 1.168 
337.000 1.091 
338.000 1.010 
339.000 0.929 
340.000 0.851 
341.000 0.778 
342.000 0.714 
343.000 0.661 
344.000 0.621 
345.000 0.595 
346.000 0.585 
347.000 0.591 
348.000 0.613 
349.000 0.650 
350.000 0.700 
351.000 0.761 
352.000 0.832 
353.000 0.909 
354.000 0.990 
355.000 1.071 
356.000 1.149 
357.000 1.222 
358.000 1.286 
359.000 1.339 
360.000 1.379 
361.000 1.405 
362.000 1.415 
363.000 1.409 
364.000 1.387 
365.000 1.350 
366.000 1.300 
367.000 1.239 
368.000 1.168 
369.000 1.091 
370.000 1.010 
371.000 0.929 
372.000 0.851 
373.000 0.778 
374.000 0.714 
375.000 0.661 
376.000 0.621 
377.000 0.595 
378.000 0.585 
379.000 0.591 
380.000 0.613 
381.000 0.650 
382.000 0.700 
383.000 0.761 
384.000 0.832 
385.000 0.909 
386.000 0.990 
387.000 1.071 
388.000 1.149 
389.000 1.222 
390.000 1.286 
391.000 1.339 
392.000 1.379 
393.000 1.405 
394.000 1.415 
395.000 1.409 
396.000 1.387 
397.000 1.350 
398.000 1.300 
399.000 1.239 
400.000 1.168 
