1.000 0.000 
2.000 0.000 
3.000 0.000 
4.000 0.000 
5.000 0.000 
6.000 0.000 
7.000 0.000 
8.000 0.000 
9.000 0.000 
10.000 0.000 
11.000 0.000 
12.000 0.000 
13.000 0.000 
14.000 0.000 
15.000 0.000 
16.000 0.034 
17.000 0.091 
18.000 0.162 
19.000 0.240 
20.000 0.321 
21.000 0.400 
22.000 0.474 
23.000 0.539 
24.000 0.595 
25.000 0.640 
26.000 0.675 
27.000 0.701 
28.000 0.718 
29.000 0.729 
30.000 0.734 
31.000 0.736 
32.000 0.737 
33.000 0.737 
34.000 0.737 
35.000 0.739 
36.000 0.742 
37.000 0.748 
38.000 0.755 
39.000 0.765 
40.000 0.775 
41.000 0.787 
42.000 0.800 
43.000 0.812 
44.000 0.825 
45.000 0.837 
46.000 0.848 
47.000 0.859 
48.000 0.868 
49.000 0.876 
50.000 0.883 
51.000 0.890 
52.000 0.895 
53.000 0.900 
54.000 0.904 
55.000 0.908 
56.000 0.911 
57.000 0.915 
58.000 0.918 
59.000 0.921 
60.000 0.924 
61.000 0.927 
62.000 0.931 
63.000 0.934 
64.000 0.937 
65.000 0.940 
66.000 0.943 
67.000 0.946 
68.000 0.949 
69.000 0.952 
70.000 0.954 
71.000 0.957 
72.000 0.959 
73.000 0.961 
74.000 0.963 
75.000 0.965 
76.000 0.967 
77.000 0.968 
78.000 0.970 
79.000 0.971 
80.000 0.972 
81.000 0.974 
82.000 0.975 
83.000 0.976 
84.000 0.977 
85.000 0.978 
86.000 0.979 
87.000 0.980 
88.000 0.981 
89.000 0.982 
90.000 0.983 
91.000 0.984 
92.000 0.985 
93.000 0.985 
94.000 0.986 
95.000 0.987 
96.000 0.987 
97.000 0.988 
98.000 0.989 
99.000 0.989 
100.000 0.990 
101.000 0.990 
102.000 0.991 
103.000 0.991 
104.000 0.992 
105.000 0.992 
106.000 0.992 
107.000 0.993 
108.000 0.993 
109.000 0.993 
110.000 0.994 
111.000 0.994 
112.000 0.994 
113.000 0.995 
114.000 0.995 
115.000 0.995 
116.000 0.995 
117.000 0.996 
118.000 0.996 
119.000 0.996 
120.000 0.996 
121.000 0.996 
122.000 0.997 
123.000 0.997 
124.000 0.997 
125.000 0.997 
126.000 0.997 
127.000 0.997 
128.000 0.997 
129.000 0.998 
130.000 0.998 
131.000 0.998 
132.000 0.998 
133.000 0.998 
134.000 0.998 
135.000 0.998 
136.000 0.998 
137.000 1.145 
138.000 1.272 
139.000 1.382 
140.000 1.464 
141.000 1.523 
142.000 1.559 
143.000 1.574 
144.000 1.568 
145.000 1.546 
146.000 1.510 
147.000 1.465 
148.000 1.413 
149.000 1.358 
150.000 1.304 
151.000 1.252 
152.000 1.204 
153.000 1.161 
154.000 1.125 
155.000 1.094 
156.000 1.070 
157.000 1.050 
158.000 1.035 
159.000 1.023 
160.000 1.014 
161.000 1.007 
162.000 1.001 
163.000 0.995 
164.000 0.989 
165.000 0.983 
166.000 0.976 
167.000 0.969 
168.000 0.962 
169.000 0.954 
170.000 0.946 
171.000 0.938 
172.000 0.930 
173.000 0.923 
174.000 0.916 
175.000 0.910 
176.000 0.905 
177.000 0.901 
178.000 0.897 
179.000 0.895 
180.000 0.893 
181.000 0.892 
182.000 0.891 
183.000 0.891 
184.000 0.891 
185.000 0.891 
186.000 0.892 
187.000 0.893 
188.000 0.894 
189.000 0.895 
190.000 0.896 
191.000 0.897 
192.000 0.899 
193.000 0.900 
194.000 0.901 
195.000 0.902 
196.000 0.904 
197.000 0.905 
198.000 0.907 
199.000 0.908 
200.000 0.910 
201.000 0.912 
202.000 0.913 
203.000 0.915 
204.000 0.917 
205.000 0.919 
206.000 0.921 
207.000 0.923 
208.000 0.924 
209.000 0.926 
210.000 0.928 
211.000 0.930 
212.000 0.932 
213.000 0.934 
214.000 0.936 
215.000 0.937 
216.000 0.939 
217.000 0.941 
218.000 0.943 
219.000 0.944 
220.000 0.946 
221.000 0.947 
222.000 0.949 
223.000 0.950 
224.000 0.952 
225.000 0.953 
226.000 0.955 
227.000 0.956 
228.000 0.958 
229.000 0.959 
230.000 0.960 
231.000 0.961 
232.000 0.963 
233.000 0.964 
234.000 0.965 
235.000 0.966 
236.000 0.967 
237.000 0.968 
238.000 0.970 
239.000 0.971 
240.000 0.972 
241.000 0.973 
242.000 0.973 
243.000 0.974 
244.000 0.975 
245.000 0.976 
246.000 0.977 
247.000 0.978 
248.000 0.979 
249.000 0.979 
250.000 0.980 
251.000 0.981 
252.000 0.981 
253.000 0.982 
254.000 0.983 
255.000 0.983 
256.000 0.984 
257.000 0.985 
258.000 0.985 
259.000 0.986 
260.000 0.986 
261.000 0.987 
262.000 0.987 
263.000 0.988 
264.000 0.988 
265.000 0.988 
266.000 0.989 
267.000 0.989 
268.000 0.990 
269.000 0.990 
270.000 0.990 
271.000 0.991 
272.000 0.991 
273.000 0.992 
274.000 0.992 
275.000 0.992 
276.000 0.992 
277.000 0.993 
278.000 0.993 
279.000 0.993 
280.000 0.994 
281.000 0.994 
282.000 0.994 
283.000 0.994 
284.000 0.994 
285.000 0.995 
286.000 0.995 
287.000 0.995 
288.000 0.995 
289.000 0.995 
290.000 0.996 
291.000 0.996 
292.000 0.996 
293.000 0.996 
294.000 0.996 
295.000 0.996 
296.000 0.997 
297.000 0.997 
298.000 0.997 
299.000 0.997 
300.000 0.997 
301.000 0.997 
302.000 0.997 
303.000 0.997 
304.000 0.998 
305.000 0.998 
306.000 0.998 
307.000 0.998 
308.000 0.998 
309.000 0.998 
310.000 0.998 
311.000 0.998 
312.000 0.998 
313.000 0.998 
314.000 0.998 
315.000 0.998 
316.000 0.998 
317.000 0.999 
318.000 0.999 
319.000 0.999 
320.000 0.999 
321.000 0.999 
322.000 0.999 
323.000 0.999 
324.000 0.999 
325.000 0.999 
326.000 0.999 
327.000 0.999 
328.000 0.999 
329.000 0.999 
330.000 0.999 
331.000 0.999 
332.000 0.999 
333.000 0.999 
334.000 0.999 
335.000 0.999 
336.000 0.999 
337.000 0.999 
338.000 0.999 
339.000 0.999 
340.000 0.999 
341.000 0.999 
342.000 0.999 
343.000 1.000 
344.000 1.000 
345.000 1.000 
346.000 1.000 
347.000 1.000 
348.000 1.000 
349.000 1.000 
350.000 1.000 
351.000 1.000 
352.000 1.000 
353.000 1.000 
354.000 1.000 
355.000 1.000 
356.000 1.000 
357.000 1.000 
358.000 1.000 
359.000 1.000 
360.000 1.000 
361.000 1.000 
362.000 1.000 
363.000 1.000 
364.000 1.000 
365.000 1.000 
366.000 1.000 
367.000 1.000 
368.000 1.000 
369.000 1.000 
370.000 1.000 
371.000 1.000 
372.000 1.000 
373.000 1.000 
374.000 1.000 
375.000 1.000 
376.000 1.000 
377.000 1.000 
378.000 1.000 
379.000 1.000 
380.000 1.000 
381.000 1.000 
382.000 1.000 
383.000 1.000 
384.000 1.000 
385.000 1.000 
386.000 1.000 
387.000 1.000 
388.000 1.000 
389.000 1.000 
390.000 1.000 
391.000 1.000 
392.000 1.000 
393.000 1.000 
394.000 1.000 
395.000 1.000 
396.000 1.000 
397.000 1.000 
398.000 1.000 
399.000 1.000 
400.000 1.000 
