1.000 0.000 
2.000 0.000 
3.000 0.000 
4.000 0.000 
5.000 0.000 
6.000 0.000 
7.000 0.000 
8.000 0.000 
9.000 0.000 
10.000 0.000 
11.000 0.000 
12.000 -0.000 
13.000 -0.000 
14.000 -0.000 
15.000 -0.001 
16.000 0.032 
17.000 0.088 
18.000 0.158 
19.000 0.236 
20.000 0.317 
21.000 0.397 
22.000 0.471 
23.000 0.538 
24.000 0.595 
25.000 0.642 
26.000 0.680 
27.000 0.708 
28.000 0.728 
29.000 0.741 
30.000 0.749 
31.000 0.753 
32.000 0.754 
33.000 0.755 
34.000 0.755 
35.000 0.757 
36.000 0.761 
37.000 0.765 
38.000 0.772 
39.000 0.780 
40.000 0.789 
41.000 0.800 
42.000 0.812 
43.000 0.824 
44.000 0.836 
45.000 0.848 
46.000 0.859 
47.000 0.870 
48.000 0.879 
49.000 0.888 
50.000 0.896 
51.000 0.904 
52.000 0.911 
53.000 0.917 
54.000 0.922 
55.000 0.927 
56.000 0.931 
57.000 0.935 
58.000 0.939 
59.000 0.942 
60.000 0.944 
61.000 0.947 
62.000 0.949 
63.000 0.952 
64.000 0.954 
65.000 0.957 
66.000 0.959 
67.000 0.962 
68.000 0.965 
69.000 0.968 
70.000 0.972 
71.000 0.975 
72.000 0.978 
73.000 0.981 
74.000 0.984 
75.000 0.986 
76.000 0.988 
77.000 0.990 
78.000 0.992 
79.000 0.994 
80.000 0.996 
81.000 0.998 
82.000 1.001 
83.000 1.003 
84.000 1.006 
85.000 1.010 
86.000 1.014 
87.000 1.018 
88.000 1.022 
89.000 1.027 
90.000 1.031 
91.000 1.035 
92.000 1.039 
93.000 1.043 
94.000 1.047 
95.000 1.050 
96.000 1.052 
97.000 1.054 
98.000 1.057 
99.000 1.059 
100.000 1.061 
101.000 1.063 
102.000 1.065 
103.000 1.067 
104.000 1.068 
105.000 1.070 
106.000 1.071 
107.000 1.072 
108.000 1.073 
109.000 1.073 
110.000 1.073 
111.000 1.073 
112.000 1.073 
113.000 1.072 
114.000 1.070 
115.000 1.069 
116.000 1.066 
117.000 1.064 
118.000 1.060 
119.000 1.057 
120.000 1.053 
121.000 1.049 
122.000 1.045 
123.000 1.041 
124.000 1.037 
125.000 1.034 
126.000 1.030 
127.000 1.026 
128.000 1.022 
129.000 1.019 
130.000 1.015 
131.000 1.012 
132.000 1.009 
133.000 1.005 
134.000 1.002 
135.000 0.999 
136.000 0.996 
137.000 1.140 
138.000 1.265 
139.000 1.372 
140.000 1.452 
141.000 1.509 
142.000 1.544 
143.000 1.558 
144.000 1.551 
145.000 1.528 
146.000 1.492 
147.000 1.445 
148.000 1.393 
149.000 1.338 
150.000 1.284 
151.000 1.232 
152.000 1.185 
153.000 1.143 
154.000 1.108 
155.000 1.079 
156.000 1.055 
157.000 1.038 
158.000 1.024 
159.000 1.014 
160.000 1.006 
161.000 0.999 
162.000 0.993 
163.000 0.987 
164.000 0.981 
165.000 0.974 
166.000 0.967 
167.000 0.959 
168.000 0.951 
169.000 0.942 
170.000 0.933 
171.000 0.924 
172.000 0.916 
173.000 0.908 
174.000 0.901 
175.000 0.894 
176.000 0.889 
177.000 0.886 
178.000 0.883 
179.000 0.881 
180.000 0.881 
181.000 0.881 
182.000 0.881 
183.000 0.882 
184.000 0.884 
185.000 0.885 
186.000 0.887 
187.000 0.888 
188.000 0.889 
189.000 0.891 
190.000 0.893 
191.000 0.895 
192.000 0.898 
193.000 0.901 
194.000 0.904 
195.000 0.907 
196.000 0.911 
197.000 0.914 
198.000 0.916 
199.000 0.918 
200.000 0.920 
201.000 0.921 
202.000 0.922 
203.000 0.922 
204.000 0.923 
205.000 0.923 
206.000 0.923 
207.000 0.924 
208.000 0.925 
209.000 0.926 
210.000 0.926 
211.000 0.927 
212.000 0.928 
213.000 0.928 
214.000 0.929 
215.000 0.930 
216.000 0.931 
217.000 0.931 
218.000 0.933 
219.000 0.934 
220.000 0.934 
221.000 0.935 
222.000 0.935 
223.000 0.936 
224.000 0.937 
225.000 0.938 
226.000 0.939 
227.000 0.940 
228.000 0.942 
229.000 0.944 
230.000 0.946 
231.000 0.947 
232.000 0.949 
233.000 0.950 
234.000 0.951 
235.000 0.952 
236.000 0.952 
237.000 0.951 
238.000 0.951 
239.000 0.950 
240.000 0.949 
241.000 0.948 
242.000 0.948 
243.000 0.948 
244.000 0.950 
245.000 0.952 
246.000 0.954 
247.000 0.958 
248.000 0.961 
249.000 0.965 
250.000 0.969 
251.000 0.973 
252.000 0.978 
253.000 0.982 
254.000 0.986 
255.000 0.990 
256.000 0.993 
257.000 0.996 
258.000 0.998 
259.000 0.999 
260.000 1.001 
261.000 1.002 
262.000 1.003 
263.000 1.003 
264.000 1.004 
265.000 1.004 
266.000 1.005 
267.000 1.005 
268.000 1.006 
269.000 1.007 
270.000 1.008 
271.000 1.010 
272.000 1.013 
273.000 1.016 
274.000 1.019 
275.000 1.021 
276.000 1.022 
277.000 1.024 
278.000 1.024 
279.000 1.025 
280.000 1.024 
281.000 1.023 
282.000 1.022 
283.000 1.021 
284.000 1.020 
285.000 1.018 
286.000 1.015 
287.000 1.013 
288.000 1.011 
289.000 1.008 
290.000 1.006 
291.000 1.004 
292.000 1.002 
293.000 1.000 
294.000 0.998 
295.000 0.996 
296.000 0.994 
297.000 0.993 
298.000 0.993 
299.000 0.992 
300.000 0.992 
301.000 0.993 
302.000 0.994 
303.000 0.995 
304.000 0.997 
305.000 0.999 
306.000 1.001 
307.000 1.003 
308.000 1.005 
309.000 1.007 
310.000 1.009 
311.000 1.011 
312.000 1.012 
313.000 1.013 
314.000 1.014 
315.000 1.014 
316.000 1.014 
317.000 1.013 
318.000 1.013 
319.000 1.012 
320.000 1.012 
321.000 1.012 
322.000 1.012 
323.000 1.013 
324.000 1.015 
325.000 1.016 
326.000 1.018 
327.000 1.019 
328.000 1.019 
329.000 1.020 
330.000 1.020 
331.000 1.021 
332.000 1.021 
333.000 1.021 
334.000 1.022 
335.000 1.022 
336.000 1.022 
337.000 1.021 
338.000 1.021 
339.000 1.020 
340.000 1.020 
341.000 1.020 
342.000 1.020 
343.000 1.020 
344.000 1.019 
345.000 1.018 
346.000 1.017 
347.000 1.016 
348.000 1.014 
349.000 1.013 
350.000 1.011 
351.000 1.010 
352.000 1.008 
353.000 1.007 
354.000 1.005 
355.000 1.004 
356.000 1.003 
357.000 1.002 
358.000 1.001 
359.000 1.000 
360.000 1.000 
361.000 1.000 
362.000 1.000 
363.000 1.000 
364.000 1.000 
365.000 1.000 
366.000 1.001 
367.000 1.000 
368.000 1.000 
369.000 0.999 
370.000 0.998 
371.000 0.997 
372.000 0.996 
373.000 0.995 
374.000 0.995 
375.000 0.995 
376.000 0.995 
377.000 0.994 
378.000 0.994 
379.000 0.994 
380.000 0.994 
381.000 0.994 
382.000 0.994 
383.000 0.994 
384.000 0.995 
385.000 0.995 
386.000 0.996 
387.000 0.997 
388.000 0.998 
389.000 0.999 
390.000 1.001 
391.000 1.002 
392.000 1.003 
393.000 1.005 
394.000 1.007 
395.000 1.009 
396.000 1.012 
397.000 1.014 
398.000 1.017 
399.000 1.020 
400.000 1.023 
