1.000 28.000 
2.000 32.673 
3.000 37.036 
4.000 41.100 
5.000 44.876 
6.000 48.374 
7.000 51.605 
8.000 54.579 
9.000 57.307 
10.000 59.801 
11.000 62.023 
12.000 64.041 
13.000 65.872 
14.000 67.484 
15.000 68.939 
16.000 70.208 
17.000 71.307 
18.000 72.244 
19.000 73.043 
20.000 73.718 
21.000 74.281 
22.000 74.695 
23.000 75.025 
24.000 75.230 
25.000 75.376 
26.000 75.425 
27.000 75.383 
28.000 75.266 
29.000 75.075 
30.000 74.828 
31.000 74.523 
32.000 74.176 
33.000 73.740 
34.000 73.267 
35.000 72.727 
36.000 72.163 
37.000 71.534 
38.000 70.899 
39.000 70.207 
40.000 69.515 
41.000 68.818 
42.000 68.073 
43.000 67.335 
44.000 66.553 
45.000 65.782 
46.000 65.015 
47.000 64.207 
48.000 63.412 
49.000 62.623 
50.000 61.802 
51.000 60.988 
52.000 60.187 
53.000 59.391 
54.000 58.607 
55.000 57.825 
56.000 57.096 
57.000 56.320 
58.000 55.595 
59.000 54.866 
60.000 54.139 
61.000 53.405 
62.000 52.716 
63.000 52.023 
64.000 51.362 
65.000 50.693 
66.000 50.060 
67.000 49.452 
68.000 48.874 
69.000 48.277 
70.000 47.751 
71.000 47.237 
72.000 46.742 
73.000 46.263 
74.000 45.841 
75.000 45.427 
76.000 45.064 
77.000 44.695 
78.000 44.371 
79.000 44.088 
80.000 43.797 
81.000 43.543 
82.000 43.320 
83.000 43.126 
84.000 42.958 
85.000 42.813 
86.000 42.687 
87.000 42.580 
88.000 42.487 
89.000 42.408 
90.000 42.341 
91.000 42.283 
92.000 42.233 
93.000 42.189 
94.000 42.152 
95.000 42.118 
96.000 42.133 
97.000 42.147 
98.000 42.212 
99.000 42.272 
100.000 42.327 
101.000 42.422 
102.000 42.507 
103.000 42.585 
104.000 42.698 
105.000 42.800 
106.000 42.936 
107.000 43.059 
108.000 43.220 
109.000 43.366 
110.000 43.542 
111.000 43.700 
112.000 43.887 
113.000 44.055 
114.000 44.250 
115.000 44.426 
116.000 44.585 
117.000 44.777 
118.000 44.951 
119.000 45.151 
120.000 45.331 
121.000 45.493 
122.000 45.682 
123.000 45.852 
124.000 46.004 
125.000 46.140 
126.000 46.262 
127.000 46.369 
128.000 46.509 
129.000 46.589 
130.000 46.704 
131.000 46.806 
132.000 46.898 
133.000 46.979 
134.000 47.103 
135.000 47.216 
136.000 47.318 
137.000 47.410 
138.000 47.493 
139.000 47.569 
140.000 47.636 
141.000 47.742 
142.000 47.839 
143.000 47.928 
144.000 48.009 
145.000 48.083 
146.000 48.196 
147.000 48.300 
148.000 48.396 
149.000 48.485 
150.000 48.567 
151.000 48.643 
152.000 48.713 
153.000 48.779 
154.000 48.839 
155.000 48.895 
156.000 48.948 
157.000 48.997 
158.000 48.999 
159.000 49.001 
160.000 49.004 
161.000 49.007 
162.000 49.011 
163.000 49.017 
164.000 48.979 
165.000 48.945 
166.000 48.916 
167.000 48.891 
168.000 48.818 
169.000 48.752 
170.000 48.694 
171.000 48.642 
172.000 48.597 
173.000 48.558 
174.000 48.526 
175.000 48.498 
176.000 48.476 
177.000 48.459 
178.000 48.446 
179.000 48.438 
180.000 48.433 
181.000 48.432 
182.000 48.433 
183.000 48.438 
184.000 48.445 
185.000 48.454 
186.000 48.421 
187.000 48.392 
188.000 48.368 
189.000 48.348 
190.000 48.331 
191.000 48.318 
192.000 48.308 
193.000 48.257 
194.000 48.211 
195.000 48.171 
196.000 48.136 
197.000 48.105 
198.000 48.079 
199.000 48.057 
200.000 48.038 
201.000 48.023 
202.000 48.012 
203.000 48.003 
204.000 47.997 
205.000 47.994 
206.000 47.992 
207.000 47.949 
208.000 47.910 
209.000 47.875 
210.000 47.844 
211.000 47.817 
212.000 47.794 
213.000 47.722 
214.000 47.656 
215.000 47.597 
216.000 47.544 
217.000 47.495 
218.000 47.452 
219.000 47.370 
220.000 47.295 
221.000 47.226 
222.000 47.165 
223.000 47.109 
224.000 47.059 
225.000 47.015 
226.000 46.975 
227.000 46.896 
228.000 46.823 
229.000 46.758 
230.000 46.698 
231.000 46.644 
232.000 46.595 
233.000 46.552 
234.000 46.512 
235.000 46.477 
236.000 46.446 
237.000 46.418 
238.000 46.437 
239.000 46.456 
240.000 46.475 
241.000 46.493 
242.000 46.554 
243.000 46.612 
244.000 46.666 
245.000 46.716 
246.000 46.718 
247.000 46.719 
248.000 46.719 
249.000 46.674 
250.000 46.631 
251.000 46.590 
252.000 46.551 
253.000 46.515 
254.000 46.480 
255.000 46.403 
256.000 46.331 
257.000 46.264 
258.000 46.202 
259.000 46.143 
260.000 46.090 
261.000 46.040 
262.000 45.942 
263.000 45.807 
264.000 45.682 
265.000 45.521 
266.000 45.327 
267.000 45.096 
268.000 44.882 
269.000 44.639 
270.000 44.370 
271.000 44.122 
272.000 43.848 
273.000 43.543 
274.000 43.218 
275.000 42.873 
276.000 42.511 
277.000 42.177 
278.000 41.818 
279.000 41.443 
280.000 41.097 
281.000 40.735 
282.000 40.402 
283.000 40.051 
284.000 39.729 
285.000 39.381 
286.000 39.061 
287.000 38.723 
288.000 38.411 
289.000 38.079 
290.000 37.730 
291.000 37.406 
292.000 37.056 
293.000 36.733 
294.000 36.389 
295.000 36.071 
296.000 35.732 
297.000 35.417 
298.000 35.081 
299.000 34.717 
300.000 34.378 
301.000 34.063 
302.000 33.725 
303.000 33.411 
304.000 33.117 
305.000 32.799 
306.000 32.501 
307.000 32.223 
308.000 31.962 
309.000 31.673 
310.000 31.401 
311.000 31.145 
312.000 30.904 
313.000 30.677 
314.000 30.461 
315.000 30.256 
316.000 30.061 
317.000 29.919 
318.000 29.781 
319.000 29.647 
320.000 29.517 
321.000 29.389 
322.000 29.307 
323.000 29.224 
324.000 29.139 
325.000 29.051 
326.000 28.961 
327.000 28.868 
328.000 28.773 
329.000 28.674 
330.000 28.572 
331.000 28.512 
332.000 28.447 
333.000 28.375 
334.000 28.299 
335.000 28.268 
336.000 28.230 
337.000 28.184 
338.000 28.174 
339.000 28.155 
340.000 28.125 
341.000 28.131 
342.000 28.126 
343.000 28.154 
344.000 28.168 
345.000 28.171 
346.000 28.161 
347.000 28.192 
348.000 28.209 
349.000 28.214 
350.000 28.250 
351.000 28.273 
352.000 28.326 
353.000 28.364 
354.000 28.388 
355.000 28.443 
356.000 28.482 
357.000 28.507 
358.000 28.570 
359.000 28.618 
360.000 28.695 
361.000 28.755 
362.000 28.800 
363.000 28.830 
364.000 28.891 
365.000 28.937 
366.000 29.013 
367.000 29.073 
368.000 29.170 
369.000 29.294 
370.000 29.398 
371.000 29.530 
372.000 29.641 
373.000 29.735 
374.000 29.856 
375.000 29.957 
376.000 30.042 
377.000 30.110 
378.000 30.163 
379.000 30.254 
380.000 30.329 
381.000 30.389 
382.000 30.435 
383.000 30.469 
384.000 30.491 
385.000 30.503 
386.000 30.506 
387.000 30.544 
388.000 30.572 
389.000 30.590 
390.000 30.600 
391.000 30.646 
392.000 30.682 
393.000 30.709 
394.000 30.772 
395.000 30.824 
396.000 30.867 
397.000 30.900 
398.000 30.925 
399.000 30.941 
400.000 30.951 
401.000 30.955 
402.000 30.952 
403.000 30.944 
404.000 30.931 
405.000 30.914 
406.000 30.894 
407.000 30.921 
408.000 30.891 
409.000 30.910 
410.000 30.923 
411.000 30.931 
412.000 30.935 
413.000 30.934 
414.000 30.878 
415.000 30.821 
416.000 30.765 
417.000 30.708 
418.000 30.652 
419.000 30.597 
420.000 30.542 
421.000 30.444 
422.000 30.349 
423.000 30.259 
424.000 30.172 
425.000 30.088 
426.000 30.009 
427.000 29.932 
428.000 29.859 
429.000 29.789 
430.000 29.722 
431.000 29.658 
432.000 29.597 
433.000 29.538 
434.000 29.481 
435.000 29.426 
436.000 29.373 
437.000 29.321 
438.000 29.227 
439.000 29.181 
440.000 29.137 
441.000 29.093 
442.000 29.095 
443.000 29.094 
444.000 29.091 
445.000 29.086 
446.000 29.078 
447.000 29.069 
448.000 29.057 
449.000 29.094 
450.000 29.126 
451.000 29.153 
452.000 29.175 
453.000 29.191 
454.000 29.247 
455.000 29.296 
456.000 29.338 
457.000 29.373 
458.000 29.402 
459.000 29.425 
460.000 29.442 
461.000 29.454 
462.000 29.461 
463.000 29.463 
464.000 29.462 
465.000 29.501 
466.000 29.534 
467.000 29.561 
468.000 29.582 
469.000 29.554 
470.000 29.569 
471.000 29.535 
472.000 29.544 
473.000 29.549 
474.000 29.551 
475.000 29.594 
476.000 29.632 
477.000 29.663 
478.000 29.690 
479.000 29.712 
480.000 29.729 
481.000 29.742 
482.000 29.752 
483.000 29.758 
484.000 29.760 
485.000 29.812 
486.000 29.857 
487.000 29.896 
488.000 29.930 
489.000 29.959 
490.000 30.028 
491.000 30.090 
492.000 30.144 
493.000 30.148 
494.000 30.149 
495.000 30.146 
496.000 30.142 
497.000 30.135 
498.000 30.126 
499.000 30.115 
500.000 30.103 
501.000 30.038 
502.000 30.027 
503.000 30.016 
504.000 30.003 
505.000 29.938 
506.000 29.876 
507.000 29.818 
508.000 29.762 
509.000 29.709 
510.000 29.658 
511.000 29.663 
512.000 29.666 
513.000 29.669 
514.000 29.671 
515.000 29.672 
516.000 29.672 
517.000 29.671 
518.000 29.670 
519.000 29.616 
520.000 29.564 
521.000 29.515 
522.000 29.520 
523.000 29.524 
524.000 29.527 
525.000 29.528 
526.000 29.528 
527.000 29.528 
528.000 29.526 
529.000 29.524 
530.000 29.520 
531.000 29.560 
532.000 29.596 
533.000 29.629 
534.000 29.657 
535.000 29.683 
536.000 29.705 
537.000 29.724 
538.000 29.740 
539.000 29.754 
540.000 29.765 
541.000 29.773 
542.000 29.779 
543.000 29.784 
544.000 29.742 
545.000 29.701 
546.000 29.661 
547.000 29.668 
548.000 29.672 
549.000 29.676 
550.000 29.634 
551.000 29.638 
552.000 29.641 
553.000 29.643 
554.000 29.599 
555.000 29.602 
556.000 29.604 
557.000 29.605 
558.000 29.605 
559.000 29.560 
560.000 29.561 
561.000 29.562 
562.000 29.562 
563.000 29.561 
564.000 29.559 
565.000 29.557 
566.000 29.554 
567.000 29.550 
568.000 29.546 
569.000 29.541 
570.000 29.536 
571.000 29.530 
572.000 29.524 
573.000 29.518 
574.000 29.511 
575.000 29.504 
576.000 29.496 
577.000 29.489 
578.000 29.481 
579.000 29.472 
580.000 29.464 
581.000 29.456 
582.000 29.491 
583.000 29.524 
584.000 29.554 
585.000 29.581 
586.000 29.605 
587.000 29.626 
588.000 29.646 
589.000 29.662 
590.000 29.677 
591.000 28.000 
592.000 28.000 
593.000 28.000 
594.000 28.000 
595.000 28.000 
596.000 28.000 
597.000 28.000 
598.000 28.000 
599.000 28.000 
600.000 28.000 
601.000 28.000 
602.000 28.000 
603.000 28.000 
604.000 28.000 
605.000 28.000 
606.000 28.000 
607.000 28.000 
608.000 28.000 
609.000 28.000 
610.000 28.000 
611.000 28.000 
612.000 28.000 
613.000 28.000 
614.000 28.000 
615.000 28.000 
616.000 28.000 
617.000 28.000 
618.000 28.000 
619.000 28.000 
620.000 28.000 
621.000 28.000 
622.000 28.000 
623.000 28.000 
624.000 28.000 
625.000 28.000 
626.000 28.000 
627.000 28.000 
628.000 28.000 
629.000 28.000 
630.000 28.000 
631.000 28.000 
632.000 28.000 
633.000 28.000 
634.000 28.000 
635.000 28.000 
636.000 28.000 
637.000 28.000 
638.000 28.000 
639.000 28.000 
640.000 28.000 
641.000 28.000 
642.000 28.000 
643.000 28.000 
644.000 28.000 
645.000 28.000 
646.000 28.000 
647.000 28.000 
648.000 28.000 
649.000 28.000 
650.000 28.000 
651.000 28.000 
652.000 28.000 
653.000 28.000 
654.000 28.000 
655.000 28.000 
656.000 28.000 
657.000 28.000 
658.000 28.000 
659.000 28.000 
660.000 28.000 
661.000 28.000 
662.000 28.000 
663.000 28.000 
664.000 28.000 
665.000 28.000 
666.000 28.000 
667.000 28.000 
668.000 28.000 
669.000 28.000 
670.000 28.000 
671.000 28.000 
672.000 28.000 
673.000 28.000 
674.000 28.000 
675.000 28.000 
676.000 28.000 
677.000 28.000 
678.000 28.000 
679.000 28.000 
680.000 28.000 
681.000 28.000 
682.000 28.000 
683.000 28.000 
684.000 28.000 
685.000 28.000 
686.000 28.000 
687.000 28.000 
688.000 28.000 
689.000 28.000 
690.000 28.000 
691.000 28.000 
692.000 28.000 
693.000 28.000 
694.000 28.000 
695.000 28.000 
696.000 28.000 
697.000 28.000 
698.000 28.000 
699.000 28.000 
700.000 28.000 
