1.000 28.000 
2.000 31.978 
3.000 35.692 
4.000 39.196 
5.000 42.451 
6.000 45.468 
7.000 48.254 
8.000 50.819 
9.000 53.172 
10.000 55.323 
11.000 57.285 
12.000 59.112 
13.000 60.727 
14.000 62.190 
15.000 63.512 
16.000 64.662 
17.000 65.700 
18.000 66.636 
19.000 67.438 
20.000 68.110 
21.000 68.672 
22.000 69.182 
23.000 69.602 
24.000 69.891 
25.000 70.112 
26.000 70.275 
27.000 70.335 
28.000 70.354 
29.000 70.295 
30.000 70.157 
31.000 69.958 
32.000 69.740 
33.000 69.426 
34.000 69.063 
35.000 68.663 
36.000 68.223 
37.000 67.755 
38.000 67.257 
39.000 66.738 
40.000 66.194 
41.000 65.635 
42.000 65.057 
43.000 64.416 
44.000 63.770 
45.000 63.113 
46.000 62.452 
47.000 61.782 
48.000 61.109 
49.000 60.429 
50.000 59.747 
51.000 59.058 
52.000 58.368 
53.000 57.670 
54.000 56.972 
55.000 56.265 
56.000 55.558 
57.000 54.894 
58.000 54.218 
59.000 53.582 
60.000 52.931 
61.000 52.317 
62.000 51.691 
63.000 51.091 
64.000 50.478 
65.000 49.894 
66.000 49.331 
67.000 48.749 
68.000 48.192 
69.000 47.651 
70.000 47.130 
71.000 46.627 
72.000 46.140 
73.000 45.660 
74.000 45.192 
75.000 44.735 
76.000 44.286 
77.000 43.889 
78.000 43.487 
79.000 43.132 
80.000 42.774 
81.000 42.458 
82.000 42.135 
83.000 41.849 
84.000 41.596 
85.000 41.329 
86.000 41.093 
87.000 40.883 
88.000 40.698 
89.000 40.534 
90.000 40.390 
91.000 40.264 
92.000 40.152 
93.000 40.098 
94.000 40.052 
95.000 40.014 
96.000 39.981 
97.000 39.953 
98.000 39.972 
99.000 40.035 
100.000 40.095 
101.000 40.201 
102.000 40.300 
103.000 40.434 
104.000 40.556 
105.000 40.711 
106.000 40.852 
107.000 41.024 
108.000 41.179 
109.000 41.371 
110.000 41.544 
111.000 41.699 
112.000 41.882 
113.000 42.046 
114.000 42.193 
115.000 42.367 
116.000 42.523 
117.000 42.706 
118.000 42.869 
119.000 43.067 
120.000 43.245 
121.000 43.404 
122.000 43.590 
123.000 43.757 
124.000 43.907 
125.000 44.040 
126.000 44.158 
127.000 44.306 
128.000 44.439 
129.000 44.602 
130.000 44.749 
131.000 44.880 
132.000 45.050 
133.000 45.204 
134.000 45.343 
135.000 45.513 
136.000 45.667 
137.000 45.807 
138.000 45.978 
139.000 46.090 
140.000 46.234 
141.000 46.366 
142.000 46.486 
143.000 46.595 
144.000 46.694 
145.000 46.783 
146.000 46.909 
147.000 47.024 
148.000 47.130 
149.000 47.227 
150.000 47.316 
151.000 47.398 
152.000 47.474 
153.000 47.543 
154.000 47.608 
155.000 47.667 
156.000 47.723 
157.000 47.775 
158.000 47.824 
159.000 47.870 
160.000 47.913 
161.000 47.955 
162.000 47.995 
163.000 47.989 
164.000 47.985 
165.000 47.938 
166.000 47.897 
167.000 47.816 
168.000 47.742 
169.000 47.676 
170.000 47.566 
171.000 47.467 
172.000 47.333 
173.000 47.212 
174.000 47.104 
175.000 46.962 
176.000 46.835 
177.000 46.721 
178.000 46.575 
179.000 46.444 
180.000 46.275 
181.000 46.123 
182.000 45.986 
183.000 45.864 
184.000 45.755 
185.000 45.615 
186.000 45.489 
187.000 45.377 
188.000 45.278 
189.000 45.190 
190.000 45.113 
191.000 45.045 
192.000 44.987 
193.000 44.936 
194.000 44.893 
195.000 44.856 
196.000 44.825 
197.000 44.755 
198.000 44.692 
199.000 44.636 
200.000 44.586 
201.000 44.585 
202.000 44.587 
203.000 44.591 
204.000 44.596 
205.000 44.602 
206.000 44.608 
207.000 44.615 
208.000 44.622 
209.000 44.674 
210.000 44.722 
211.000 44.767 
212.000 44.809 
213.000 44.848 
214.000 44.884 
215.000 44.917 
216.000 44.998 
217.000 45.074 
218.000 45.091 
219.000 45.106 
220.000 45.119 
221.000 45.182 
222.000 45.239 
223.000 45.292 
224.000 45.339 
225.000 45.382 
226.000 45.466 
227.000 45.543 
228.000 45.613 
229.000 45.722 
230.000 45.822 
231.000 45.914 
232.000 45.998 
233.000 46.075 
234.000 46.190 
235.000 46.295 
236.000 46.392 
237.000 46.480 
238.000 46.561 
239.000 46.634 
240.000 46.701 
241.000 46.762 
242.000 46.869 
243.000 46.968 
244.000 47.058 
245.000 47.141 
246.000 47.166 
247.000 47.240 
248.000 47.307 
249.000 47.318 
250.000 46.327 
251.000 45.367 
252.000 44.436 
253.000 43.484 
254.000 42.566 
255.000 41.683 
256.000 40.834 
257.000 40.020 
258.000 39.246 
259.000 38.472 
260.000 37.746 
261.000 37.027 
262.000 36.317 
263.000 35.664 
264.000 35.014 
265.000 34.377 
266.000 33.798 
267.000 33.229 
268.000 32.716 
269.000 32.255 
270.000 31.799 
271.000 31.392 
272.000 30.979 
273.000 30.611 
274.000 30.241 
275.000 29.912 
276.000 29.578 
277.000 29.237 
278.000 28.934 
279.000 28.614 
280.000 28.284 
281.000 27.990 
282.000 27.683 
283.000 27.408 
284.000 27.163 
285.000 26.945 
286.000 26.752 
287.000 26.536 
288.000 26.343 
289.000 26.171 
290.000 25.966 
291.000 25.832 
292.000 25.662 
293.000 25.509 
294.000 25.370 
295.000 25.245 
296.000 25.132 
297.000 25.030 
298.000 24.937 
299.000 24.852 
300.000 24.775 
301.000 24.704 
302.000 24.690 
303.000 24.677 
304.000 24.709 
305.000 24.739 
306.000 24.765 
307.000 24.788 
308.000 24.851 
309.000 24.907 
310.000 25.001 
311.000 25.086 
312.000 25.212 
313.000 25.326 
314.000 25.428 
315.000 25.562 
316.000 25.682 
317.000 25.833 
318.000 25.968 
319.000 26.133 
320.000 26.280 
321.000 26.463 
322.000 26.627 
323.000 26.818 
324.000 26.990 
325.000 27.144 
326.000 27.324 
327.000 27.486 
328.000 27.630 
329.000 27.802 
330.000 27.955 
331.000 28.092 
332.000 28.265 
333.000 28.420 
334.000 28.559 
335.000 28.726 
336.000 28.876 
337.000 29.011 
338.000 29.175 
339.000 29.323 
340.000 29.456 
341.000 29.575 
342.000 29.682 
343.000 29.776 
344.000 29.860 
345.000 29.934 
346.000 29.999 
347.000 30.057 
348.000 30.108 
349.000 30.152 
350.000 30.191 
351.000 30.225 
352.000 30.255 
353.000 30.281 
354.000 30.305 
355.000 30.326 
356.000 30.344 
357.000 30.361 
358.000 30.377 
359.000 30.391 
360.000 30.404 
361.000 30.417 
362.000 30.429 
363.000 30.441 
364.000 30.452 
365.000 30.419 
366.000 30.389 
367.000 30.362 
368.000 30.338 
369.000 30.317 
370.000 30.298 
371.000 30.238 
372.000 30.183 
373.000 30.134 
374.000 30.089 
375.000 29.998 
376.000 29.915 
377.000 29.795 
378.000 29.685 
379.000 29.586 
380.000 29.495 
381.000 29.413 
382.000 29.384 
383.000 29.360 
384.000 29.340 
385.000 29.324 
386.000 29.312 
387.000 29.303 
388.000 29.253 
389.000 29.207 
390.000 29.167 
391.000 29.131 
392.000 29.099 
393.000 29.026 
394.000 28.960 
395.000 28.900 
396.000 28.845 
397.000 28.795 
398.000 28.750 
399.000 28.710 
400.000 28.673 
401.000 28.641 
402.000 28.612 
403.000 28.585 
404.000 28.562 
405.000 28.542 
406.000 28.523 
407.000 28.507 
408.000 28.492 
409.000 28.479 
410.000 28.467 
411.000 28.456 
412.000 28.447 
413.000 28.482 
414.000 28.516 
415.000 28.547 
416.000 28.575 
417.000 28.602 
418.000 28.626 
419.000 28.648 
420.000 28.668 
421.000 28.686 
422.000 28.701 
423.000 28.715 
424.000 28.771 
425.000 28.823 
426.000 28.870 
427.000 28.913 
428.000 28.951 
429.000 28.986 
430.000 29.018 
431.000 29.046 
432.000 29.071 
433.000 29.093 
434.000 29.113 
435.000 29.130 
436.000 29.144 
437.000 29.157 
438.000 29.168 
439.000 29.177 
440.000 29.185 
441.000 29.191 
442.000 29.196 
443.000 29.201 
444.000 29.204 
445.000 29.207 
446.000 29.209 
447.000 29.211 
448.000 29.212 
449.000 29.212 
450.000 29.213 
451.000 29.213 
452.000 29.213 
453.000 29.213 
454.000 29.213 
455.000 29.212 
456.000 29.212 
457.000 29.212 
458.000 29.211 
459.000 29.211 
460.000 29.211 
461.000 29.211 
462.000 29.262 
463.000 29.259 
464.000 29.255 
465.000 29.252 
466.000 29.249 
467.000 29.246 
468.000 29.243 
469.000 29.241 
470.000 29.238 
471.000 29.236 
472.000 29.234 
473.000 29.232 
474.000 29.186 
475.000 29.144 
476.000 29.104 
477.000 29.067 
478.000 29.033 
479.000 29.001 
480.000 28.928 
481.000 28.861 
482.000 28.798 
483.000 28.740 
484.000 28.688 
485.000 28.639 
486.000 28.595 
487.000 28.555 
488.000 28.518 
489.000 28.485 
490.000 28.455 
491.000 28.428 
492.000 28.359 
493.000 28.295 
494.000 28.237 
495.000 28.183 
496.000 28.133 
497.000 28.088 
498.000 28.046 
499.000 28.008 
500.000 27.973 
501.000 27.941 
502.000 27.911 
503.000 27.884 
504.000 27.904 
505.000 27.922 
506.000 27.940 
507.000 27.956 
508.000 27.971 
509.000 28.029 
510.000 28.082 
511.000 28.132 
512.000 28.177 
513.000 28.218 
514.000 28.255 
515.000 28.288 
516.000 28.317 
517.000 28.000 
518.000 28.000 
519.000 28.000 
520.000 28.000 
521.000 28.000 
522.000 28.000 
523.000 28.000 
524.000 28.000 
525.000 28.000 
526.000 28.000 
527.000 28.000 
528.000 28.000 
529.000 28.000 
530.000 28.000 
531.000 28.000 
532.000 28.000 
533.000 28.000 
534.000 28.000 
535.000 28.000 
536.000 28.000 
537.000 28.000 
538.000 28.000 
539.000 28.000 
540.000 28.000 
541.000 28.000 
542.000 28.000 
543.000 28.000 
544.000 28.000 
545.000 28.000 
546.000 28.000 
547.000 28.000 
548.000 28.000 
549.000 28.000 
550.000 28.000 
551.000 28.000 
552.000 28.000 
553.000 28.000 
554.000 28.000 
555.000 28.000 
556.000 28.000 
557.000 28.000 
558.000 28.000 
559.000 28.000 
560.000 28.000 
561.000 28.000 
562.000 28.000 
563.000 28.000 
564.000 28.000 
565.000 28.000 
566.000 28.000 
567.000 28.000 
568.000 28.000 
569.000 28.000 
570.000 28.000 
571.000 28.000 
572.000 28.000 
573.000 28.000 
574.000 28.000 
575.000 28.000 
576.000 28.000 
577.000 28.000 
578.000 28.000 
579.000 28.000 
580.000 28.000 
581.000 28.000 
582.000 28.000 
583.000 28.000 
584.000 28.000 
585.000 28.000 
586.000 28.000 
587.000 28.000 
588.000 28.000 
589.000 28.000 
590.000 28.000 
591.000 28.000 
592.000 28.000 
593.000 28.000 
594.000 28.000 
595.000 28.000 
596.000 28.000 
597.000 28.000 
598.000 28.000 
599.000 28.000 
600.000 28.000 
601.000 28.000 
602.000 28.000 
603.000 28.000 
604.000 28.000 
605.000 28.000 
606.000 28.000 
607.000 28.000 
608.000 28.000 
609.000 28.000 
610.000 28.000 
611.000 28.000 
612.000 28.000 
613.000 28.000 
614.000 28.000 
615.000 28.000 
616.000 28.000 
617.000 28.000 
618.000 28.000 
619.000 28.000 
620.000 28.000 
621.000 28.000 
622.000 28.000 
623.000 28.000 
624.000 28.000 
625.000 28.000 
626.000 28.000 
627.000 28.000 
628.000 28.000 
629.000 28.000 
630.000 28.000 
631.000 28.000 
632.000 28.000 
633.000 28.000 
634.000 28.000 
635.000 28.000 
636.000 28.000 
637.000 28.000 
638.000 28.000 
639.000 28.000 
640.000 28.000 
641.000 28.000 
642.000 28.000 
643.000 28.000 
644.000 28.000 
645.000 28.000 
646.000 28.000 
647.000 28.000 
648.000 28.000 
649.000 28.000 
650.000 28.000 
651.000 28.000 
652.000 28.000 
653.000 28.000 
654.000 28.000 
655.000 28.000 
656.000 28.000 
657.000 28.000 
658.000 28.000 
659.000 28.000 
660.000 28.000 
661.000 28.000 
662.000 28.000 
663.000 28.000 
664.000 28.000 
665.000 28.000 
666.000 28.000 
667.000 28.000 
668.000 28.000 
669.000 28.000 
670.000 28.000 
671.000 28.000 
672.000 28.000 
673.000 28.000 
674.000 28.000 
675.000 28.000 
676.000 28.000 
677.000 28.000 
678.000 28.000 
679.000 28.000 
680.000 28.000 
681.000 28.000 
682.000 28.000 
683.000 28.000 
684.000 28.000 
685.000 28.000 
686.000 28.000 
687.000 28.000 
688.000 28.000 
689.000 28.000 
690.000 28.000 
691.000 28.000 
692.000 28.000 
693.000 28.000 
694.000 28.000 
695.000 28.000 
696.000 28.000 
697.000 28.000 
698.000 28.000 
699.000 28.000 
700.000 28.000 
