1.000 28.000 
2.000 32.207 
3.000 36.135 
4.000 39.750 
5.000 43.152 
6.000 46.260 
7.000 49.174 
8.000 51.858 
9.000 54.319 
10.000 56.569 
11.000 58.621 
12.000 60.487 
13.000 62.180 
14.000 63.713 
15.000 65.055 
16.000 66.266 
17.000 67.315 
18.000 68.261 
19.000 69.062 
20.000 69.741 
21.000 70.310 
22.000 70.728 
23.000 71.063 
24.000 71.279 
25.000 71.427 
26.000 71.477 
27.000 71.434 
28.000 71.313 
29.000 71.170 
30.000 70.956 
31.000 70.688 
32.000 70.320 
33.000 69.906 
34.000 69.458 
35.000 68.975 
36.000 68.469 
37.000 67.890 
38.000 67.298 
39.000 66.687 
40.000 66.016 
41.000 65.342 
42.000 64.658 
43.000 63.929 
44.000 63.197 
45.000 62.468 
46.000 61.736 
47.000 61.009 
48.000 60.280 
49.000 59.503 
50.000 58.734 
51.000 58.017 
52.000 57.295 
53.000 56.577 
54.000 55.854 
55.000 55.132 
56.000 54.450 
57.000 53.765 
58.000 53.070 
59.000 52.416 
60.000 51.801 
61.000 51.167 
62.000 50.569 
63.000 50.001 
64.000 49.409 
65.000 48.846 
66.000 48.308 
67.000 47.793 
68.000 47.289 
69.000 46.804 
70.000 46.334 
71.000 45.878 
72.000 45.477 
73.000 45.075 
74.000 44.722 
75.000 44.371 
76.000 44.063 
77.000 43.795 
78.000 43.518 
79.000 43.277 
80.000 43.023 
81.000 42.801 
82.000 42.555 
83.000 42.338 
84.000 42.146 
85.000 41.978 
86.000 41.787 
87.000 41.617 
88.000 41.466 
89.000 41.332 
90.000 41.214 
91.000 41.109 
92.000 41.017 
93.000 40.935 
94.000 40.862 
95.000 40.797 
96.000 40.739 
97.000 40.687 
98.000 40.639 
99.000 40.640 
100.000 40.642 
101.000 40.643 
102.000 40.695 
103.000 40.743 
104.000 40.831 
105.000 40.911 
106.000 40.983 
107.000 41.092 
108.000 41.190 
109.000 41.278 
110.000 41.401 
111.000 41.511 
112.000 41.661 
113.000 41.797 
114.000 41.963 
115.000 42.156 
116.000 42.332 
117.000 42.490 
118.000 42.632 
119.000 42.758 
120.000 42.914 
121.000 43.054 
122.000 43.230 
123.000 43.388 
124.000 43.530 
125.000 43.700 
126.000 43.854 
127.000 44.036 
128.000 44.200 
129.000 44.348 
130.000 44.525 
131.000 44.684 
132.000 44.828 
133.000 44.957 
134.000 45.124 
135.000 45.276 
136.000 45.413 
137.000 45.536 
138.000 45.691 
139.000 45.831 
140.000 45.959 
141.000 46.119 
142.000 46.264 
143.000 46.397 
144.000 46.518 
145.000 46.627 
146.000 46.727 
147.000 46.817 
148.000 46.900 
149.000 46.974 
150.000 47.042 
151.000 47.104 
152.000 47.161 
153.000 47.168 
154.000 47.174 
155.000 47.180 
156.000 47.185 
157.000 47.191 
158.000 47.196 
159.000 47.203 
160.000 47.210 
161.000 47.218 
162.000 47.227 
163.000 47.193 
164.000 47.163 
165.000 47.085 
166.000 47.015 
167.000 46.952 
168.000 46.852 
169.000 46.761 
170.000 46.679 
171.000 46.607 
172.000 46.498 
173.000 46.400 
174.000 46.313 
175.000 46.236 
176.000 46.168 
177.000 46.108 
178.000 46.057 
179.000 46.013 
180.000 45.976 
181.000 45.945 
182.000 45.920 
183.000 45.856 
184.000 45.799 
185.000 45.749 
186.000 45.706 
187.000 45.669 
188.000 45.586 
189.000 45.562 
190.000 45.491 
191.000 45.428 
192.000 45.371 
193.000 45.321 
194.000 45.277 
195.000 45.238 
196.000 45.204 
197.000 45.175 
198.000 45.150 
199.000 45.129 
200.000 45.111 
201.000 45.096 
202.000 45.135 
203.000 45.174 
204.000 45.211 
205.000 45.247 
206.000 45.325 
207.000 45.399 
208.000 45.469 
209.000 45.534 
210.000 45.595 
211.000 45.695 
212.000 45.789 
213.000 45.876 
214.000 45.956 
215.000 46.029 
216.000 46.097 
217.000 46.204 
218.000 46.302 
219.000 46.392 
220.000 46.475 
221.000 46.552 
222.000 46.621 
223.000 46.685 
224.000 46.744 
225.000 46.797 
226.000 46.846 
227.000 46.846 
228.000 46.845 
229.000 46.843 
230.000 46.841 
231.000 46.839 
232.000 46.837 
233.000 46.836 
234.000 46.835 
235.000 46.835 
236.000 46.835 
237.000 46.836 
238.000 46.838 
239.000 46.841 
240.000 46.845 
241.000 46.849 
242.000 46.810 
243.000 46.775 
244.000 46.744 
245.000 46.716 
246.000 46.691 
247.000 46.669 
248.000 46.651 
249.000 46.636 
250.000 46.097 
251.000 45.578 
252.000 45.079 
253.000 44.555 
254.000 44.053 
255.000 43.573 
256.000 43.114 
257.000 42.677 
258.000 42.263 
259.000 41.822 
260.000 41.410 
261.000 41.029 
262.000 40.633 
263.000 40.268 
264.000 39.891 
265.000 39.547 
266.000 39.190 
267.000 38.866 
268.000 38.521 
269.000 38.210 
270.000 37.929 
271.000 37.633 
272.000 37.367 
273.000 37.129 
274.000 36.916 
275.000 36.727 
276.000 36.560 
277.000 36.413 
278.000 36.284 
279.000 36.171 
280.000 36.073 
281.000 35.987 
282.000 35.869 
283.000 35.765 
284.000 35.672 
285.000 35.589 
286.000 35.516 
287.000 35.496 
288.000 35.436 
289.000 35.382 
290.000 35.334 
291.000 35.291 
292.000 35.252 
293.000 35.217 
294.000 35.185 
295.000 35.201 
296.000 35.215 
297.000 35.229 
298.000 35.241 
299.000 35.252 
300.000 35.305 
301.000 35.354 
302.000 35.398 
303.000 35.438 
304.000 35.473 
305.000 35.504 
306.000 35.530 
307.000 35.552 
308.000 35.570 
309.000 35.585 
310.000 35.596 
311.000 35.604 
312.000 35.609 
313.000 35.611 
314.000 35.610 
315.000 35.607 
316.000 35.603 
317.000 35.596 
318.000 35.587 
319.000 35.577 
320.000 35.618 
321.000 35.654 
322.000 35.685 
323.000 35.713 
324.000 35.737 
325.000 35.801 
326.000 35.859 
327.000 35.911 
328.000 35.958 
329.000 36.043 
330.000 36.121 
331.000 36.190 
332.000 36.253 
333.000 36.353 
334.000 36.444 
335.000 36.526 
336.000 36.600 
337.000 36.718 
338.000 36.826 
339.000 36.923 
340.000 37.011 
341.000 37.090 
342.000 37.161 
343.000 37.224 
344.000 37.280 
345.000 37.330 
346.000 37.373 
347.000 37.412 
348.000 37.490 
349.000 37.560 
350.000 37.624 
351.000 37.682 
352.000 37.734 
353.000 37.781 
354.000 37.823 
355.000 37.861 
356.000 37.895 
357.000 37.925 
358.000 37.952 
359.000 37.932 
360.000 37.913 
361.000 37.894 
362.000 37.876 
363.000 37.859 
364.000 37.843 
365.000 37.828 
366.000 37.814 
367.000 37.751 
368.000 37.691 
369.000 37.637 
370.000 37.587 
371.000 37.542 
372.000 37.500 
373.000 37.419 
374.000 37.389 
375.000 37.362 
376.000 37.338 
377.000 37.318 
378.000 37.300 
379.000 37.285 
380.000 37.273 
381.000 37.263 
382.000 37.210 
383.000 37.162 
384.000 37.118 
385.000 37.078 
386.000 37.042 
387.000 37.010 
388.000 36.936 
389.000 36.869 
390.000 36.807 
391.000 36.750 
392.000 36.699 
393.000 36.652 
394.000 36.610 
395.000 36.571 
396.000 36.537 
397.000 36.505 
398.000 36.477 
399.000 36.452 
400.000 36.430 
401.000 36.409 
402.000 36.391 
403.000 36.375 
404.000 36.360 
405.000 36.347 
406.000 36.335 
407.000 36.368 
408.000 36.399 
409.000 36.428 
410.000 36.455 
411.000 36.480 
412.000 36.503 
413.000 36.524 
414.000 36.543 
415.000 36.604 
416.000 36.660 
417.000 36.711 
418.000 36.758 
419.000 36.801 
420.000 36.839 
421.000 36.874 
422.000 36.905 
423.000 36.933 
424.000 36.957 
425.000 36.978 
426.000 36.997 
427.000 37.013 
428.000 37.027 
429.000 37.091 
430.000 37.149 
431.000 37.202 
432.000 37.251 
433.000 37.340 
434.000 37.422 
435.000 37.497 
436.000 37.566 
437.000 37.629 
438.000 37.686 
439.000 37.738 
440.000 37.741 
441.000 37.742 
442.000 37.742 
443.000 37.689 
444.000 37.639 
445.000 37.591 
446.000 37.546 
447.000 37.460 
448.000 37.379 
449.000 37.305 
450.000 37.236 
451.000 37.172 
452.000 37.114 
453.000 37.061 
454.000 36.969 
455.000 36.928 
456.000 36.848 
457.000 36.774 
458.000 36.707 
459.000 36.646 
460.000 36.547 
461.000 36.500 
462.000 36.413 
463.000 36.334 
464.000 36.306 
465.000 36.238 
466.000 36.175 
467.000 36.118 
468.000 36.111 
469.000 36.106 
470.000 36.057 
471.000 36.013 
472.000 35.973 
473.000 35.937 
474.000 35.947 
475.000 35.958 
476.000 35.968 
477.000 35.978 
478.000 35.988 
479.000 35.996 
480.000 36.004 
481.000 36.011 
482.000 36.017 
483.000 36.022 
484.000 36.026 
485.000 36.029 
486.000 36.031 
487.000 36.032 
488.000 36.076 
489.000 36.117 
490.000 36.154 
491.000 36.187 
492.000 36.217 
493.000 36.244 
494.000 36.267 
495.000 36.288 
496.000 36.306 
497.000 36.366 
498.000 36.420 
499.000 36.470 
500.000 36.514 
501.000 36.555 
502.000 36.591 
503.000 36.623 
504.000 36.651 
505.000 36.728 
506.000 36.746 
507.000 36.762 
508.000 36.775 
509.000 36.786 
510.000 36.794 
511.000 36.801 
512.000 36.807 
513.000 36.811 
514.000 36.814 
515.000 36.815 
516.000 36.816 
517.000 36.817 
518.000 36.816 
519.000 36.816 
520.000 36.815 
521.000 36.813 
522.000 36.812 
523.000 36.810 
524.000 36.808 
525.000 36.806 
526.000 36.804 
527.000 36.803 
528.000 36.757 
529.000 36.713 
530.000 36.673 
531.000 36.636 
532.000 36.601 
533.000 36.569 
534.000 36.540 
535.000 36.513 
536.000 36.488 
537.000 36.421 
538.000 36.359 
539.000 36.302 
540.000 36.250 
541.000 36.201 
542.000 36.157 
543.000 36.117 
544.000 28.000 
545.000 28.000 
546.000 28.000 
547.000 28.000 
548.000 28.000 
549.000 28.000 
550.000 28.000 
551.000 28.000 
552.000 28.000 
553.000 28.000 
554.000 28.000 
555.000 28.000 
556.000 28.000 
557.000 28.000 
558.000 28.000 
559.000 28.000 
560.000 28.000 
561.000 28.000 
562.000 28.000 
563.000 28.000 
564.000 28.000 
565.000 28.000 
566.000 28.000 
567.000 28.000 
568.000 28.000 
569.000 28.000 
570.000 28.000 
571.000 28.000 
572.000 28.000 
573.000 28.000 
574.000 28.000 
575.000 28.000 
576.000 28.000 
577.000 28.000 
578.000 28.000 
579.000 28.000 
580.000 28.000 
581.000 28.000 
582.000 28.000 
583.000 28.000 
584.000 28.000 
585.000 28.000 
586.000 28.000 
587.000 28.000 
588.000 28.000 
589.000 28.000 
590.000 28.000 
591.000 28.000 
592.000 28.000 
593.000 28.000 
594.000 28.000 
595.000 28.000 
596.000 28.000 
597.000 28.000 
598.000 28.000 
599.000 28.000 
600.000 28.000 
601.000 28.000 
602.000 28.000 
603.000 28.000 
604.000 28.000 
605.000 28.000 
606.000 28.000 
607.000 28.000 
608.000 28.000 
609.000 28.000 
610.000 28.000 
611.000 28.000 
612.000 28.000 
613.000 28.000 
614.000 28.000 
615.000 28.000 
616.000 28.000 
617.000 28.000 
618.000 28.000 
619.000 28.000 
620.000 28.000 
621.000 28.000 
622.000 28.000 
623.000 28.000 
624.000 28.000 
625.000 28.000 
626.000 28.000 
627.000 28.000 
628.000 28.000 
629.000 28.000 
630.000 28.000 
631.000 28.000 
632.000 28.000 
633.000 28.000 
634.000 28.000 
635.000 28.000 
636.000 28.000 
637.000 28.000 
638.000 28.000 
639.000 28.000 
640.000 28.000 
641.000 28.000 
642.000 28.000 
643.000 28.000 
644.000 28.000 
645.000 28.000 
646.000 28.000 
647.000 28.000 
648.000 28.000 
649.000 28.000 
650.000 28.000 
651.000 28.000 
652.000 28.000 
653.000 28.000 
654.000 28.000 
655.000 28.000 
656.000 28.000 
657.000 28.000 
658.000 28.000 
659.000 28.000 
660.000 28.000 
661.000 28.000 
662.000 28.000 
663.000 28.000 
664.000 28.000 
665.000 28.000 
666.000 28.000 
667.000 28.000 
668.000 28.000 
669.000 28.000 
670.000 28.000 
671.000 28.000 
672.000 28.000 
673.000 28.000 
674.000 28.000 
675.000 28.000 
676.000 28.000 
677.000 28.000 
678.000 28.000 
679.000 28.000 
680.000 28.000 
681.000 28.000 
682.000 28.000 
683.000 28.000 
684.000 28.000 
685.000 28.000 
686.000 28.000 
687.000 28.000 
688.000 28.000 
689.000 28.000 
690.000 28.000 
691.000 28.000 
692.000 28.000 
693.000 28.000 
694.000 28.000 
695.000 28.000 
696.000 28.000 
697.000 28.000 
698.000 28.000 
699.000 28.000 
700.000 28.000 
