1.000 28.000 
2.000 32.761 
3.000 37.207 
4.000 41.349 
5.000 45.196 
6.000 48.761 
7.000 52.053 
8.000 55.084 
9.000 57.863 
10.000 60.405 
11.000 62.677 
12.000 64.742 
13.000 66.614 
14.000 68.309 
15.000 69.840 
16.000 71.179 
17.000 72.387 
18.000 73.425 
19.000 74.316 
20.000 75.076 
21.000 75.718 
22.000 76.248 
23.000 76.685 
24.000 76.997 
25.000 77.188 
26.000 77.324 
27.000 77.360 
28.000 77.315 
29.000 77.192 
30.000 77.005 
31.000 76.757 
32.000 76.416 
33.000 76.030 
34.000 75.611 
35.000 75.114 
36.000 74.589 
37.000 74.049 
38.000 73.444 
39.000 72.781 
40.000 72.116 
41.000 71.401 
42.000 70.690 
43.000 69.933 
44.000 69.179 
45.000 68.391 
46.000 67.608 
47.000 66.786 
48.000 65.981 
49.000 65.139 
50.000 64.314 
51.000 63.454 
52.000 62.605 
53.000 61.773 
54.000 60.950 
55.000 60.141 
56.000 59.339 
57.000 58.548 
58.000 57.760 
59.000 56.982 
60.000 56.204 
61.000 55.433 
62.000 54.660 
63.000 53.892 
64.000 53.171 
65.000 52.441 
66.000 51.754 
67.000 51.054 
68.000 50.393 
69.000 49.765 
70.000 49.118 
71.000 48.501 
72.000 47.913 
73.000 47.349 
74.000 46.800 
75.000 46.314 
76.000 45.843 
77.000 45.383 
78.000 44.933 
79.000 44.535 
80.000 44.133 
81.000 43.777 
82.000 43.418 
83.000 43.100 
84.000 42.819 
85.000 42.571 
86.000 42.353 
87.000 42.162 
88.000 41.993 
89.000 41.846 
90.000 41.717 
91.000 41.648 
92.000 41.590 
93.000 41.541 
94.000 41.551 
95.000 41.563 
96.000 41.577 
97.000 41.634 
98.000 41.688 
99.000 41.738 
100.000 41.827 
101.000 41.908 
102.000 42.025 
103.000 42.130 
104.000 42.224 
105.000 42.359 
106.000 42.480 
107.000 42.632 
108.000 42.767 
109.000 42.932 
110.000 43.079 
111.000 43.255 
112.000 43.411 
113.000 43.602 
114.000 43.817 
115.000 44.055 
116.000 44.269 
117.000 44.505 
118.000 44.718 
119.000 44.961 
120.000 45.223 
121.000 45.460 
122.000 45.717 
123.000 45.949 
124.000 46.202 
125.000 46.429 
126.000 46.685 
127.000 46.916 
128.000 47.169 
129.000 47.396 
130.000 47.601 
131.000 47.785 
132.000 47.950 
133.000 48.096 
134.000 48.227 
135.000 48.343 
136.000 48.445 
137.000 48.536 
138.000 48.616 
139.000 48.687 
140.000 48.749 
141.000 48.804 
142.000 48.853 
143.000 48.896 
144.000 48.934 
145.000 48.969 
146.000 49.000 
147.000 49.073 
148.000 49.096 
149.000 49.118 
150.000 49.139 
151.000 49.158 
152.000 49.177 
153.000 49.195 
154.000 49.213 
155.000 49.187 
156.000 49.164 
157.000 49.144 
158.000 49.127 
159.000 49.113 
160.000 49.050 
161.000 48.994 
162.000 48.944 
163.000 48.900 
164.000 48.862 
165.000 48.829 
166.000 48.801 
167.000 48.779 
168.000 48.761 
169.000 48.747 
170.000 48.737 
171.000 48.687 
172.000 48.643 
173.000 48.605 
174.000 48.572 
175.000 48.544 
176.000 48.522 
177.000 48.503 
178.000 48.445 
179.000 48.393 
180.000 48.347 
181.000 48.307 
182.000 48.273 
183.000 48.243 
184.000 48.174 
185.000 48.113 
186.000 48.058 
187.000 48.009 
188.000 47.967 
189.000 47.929 
190.000 47.897 
191.000 47.870 
192.000 47.847 
193.000 47.828 
194.000 47.812 
195.000 47.800 
196.000 47.791 
197.000 47.784 
198.000 47.779 
199.000 47.777 
200.000 47.724 
201.000 47.676 
202.000 47.633 
203.000 47.595 
204.000 47.516 
205.000 47.443 
206.000 47.377 
207.000 47.273 
208.000 47.177 
209.000 47.089 
210.000 47.009 
211.000 46.936 
212.000 46.870 
213.000 46.811 
214.000 46.757 
215.000 46.709 
216.000 46.666 
217.000 46.672 
218.000 46.680 
219.000 46.688 
220.000 46.697 
221.000 46.706 
222.000 46.716 
223.000 46.725 
224.000 46.735 
225.000 46.744 
226.000 46.752 
227.000 46.760 
228.000 46.767 
229.000 46.773 
230.000 46.778 
231.000 46.783 
232.000 46.832 
233.000 46.876 
234.000 46.917 
235.000 46.955 
236.000 46.989 
237.000 46.976 
238.000 46.963 
239.000 46.994 
240.000 46.978 
241.000 46.962 
242.000 46.946 
243.000 46.931 
244.000 46.872 
245.000 46.816 
246.000 46.808 
247.000 46.800 
248.000 46.792 
249.000 46.785 
250.000 46.779 
251.000 46.772 
252.000 46.766 
253.000 46.761 
254.000 46.756 
255.000 46.751 
256.000 46.746 
257.000 46.741 
258.000 46.737 
259.000 46.732 
260.000 46.728 
261.000 46.724 
262.000 46.719 
263.000 46.715 
264.000 46.711 
265.000 46.663 
266.000 46.617 
267.000 46.574 
268.000 46.534 
269.000 46.497 
270.000 46.418 
271.000 46.344 
272.000 46.275 
273.000 46.160 
274.000 46.053 
275.000 45.909 
276.000 45.775 
277.000 45.651 
278.000 45.493 
279.000 45.302 
280.000 45.125 
281.000 44.962 
282.000 44.760 
283.000 44.573 
284.000 44.401 
285.000 44.199 
286.000 44.013 
287.000 43.841 
288.000 43.684 
289.000 43.495 
290.000 43.322 
291.000 43.118 
292.000 42.930 
293.000 42.757 
294.000 42.597 
295.000 42.451 
296.000 42.265 
297.000 42.093 
298.000 41.934 
299.000 41.743 
300.000 41.566 
301.000 41.402 
302.000 41.250 
303.000 41.110 
304.000 40.979 
305.000 40.814 
306.000 40.660 
307.000 40.517 
308.000 40.383 
309.000 40.258 
310.000 40.142 
311.000 40.032 
312.000 39.929 
313.000 39.788 
314.000 39.655 
315.000 39.529 
316.000 39.411 
317.000 39.298 
318.000 39.192 
319.000 39.090 
320.000 38.993 
321.000 38.901 
322.000 38.812 
323.000 38.727 
324.000 38.592 
325.000 38.464 
326.000 38.342 
327.000 38.224 
328.000 38.111 
329.000 38.003 
330.000 37.899 
331.000 37.798 
332.000 37.753 
333.000 37.707 
334.000 37.661 
335.000 37.614 
336.000 37.567 
337.000 37.518 
338.000 37.468 
339.000 37.462 
340.000 37.407 
341.000 37.395 
342.000 37.379 
343.000 37.359 
344.000 37.335 
345.000 37.352 
346.000 37.362 
347.000 37.366 
348.000 37.364 
349.000 37.401 
350.000 37.429 
351.000 37.449 
352.000 37.462 
353.000 37.468 
354.000 37.467 
355.000 37.460 
356.000 37.447 
357.000 37.429 
358.000 37.406 
359.000 37.378 
360.000 37.346 
361.000 37.362 
362.000 37.372 
363.000 37.375 
364.000 37.372 
365.000 37.364 
366.000 37.395 
367.000 37.418 
368.000 37.435 
369.000 37.489 
370.000 37.534 
371.000 37.571 
372.000 37.555 
373.000 37.534 
374.000 37.554 
375.000 37.567 
376.000 37.573 
377.000 37.618 
378.000 37.655 
379.000 37.684 
380.000 37.706 
381.000 37.773 
382.000 37.831 
383.000 37.879 
384.000 37.919 
385.000 37.951 
386.000 37.976 
387.000 38.038 
388.000 38.091 
389.000 38.136 
390.000 38.172 
391.000 38.201 
392.000 38.268 
393.000 38.325 
394.000 38.373 
395.000 38.414 
396.000 38.447 
397.000 38.473 
398.000 38.493 
399.000 38.508 
400.000 38.516 
401.000 38.521 
402.000 38.520 
403.000 38.517 
404.000 38.509 
405.000 38.499 
406.000 38.486 
407.000 38.470 
408.000 38.453 
409.000 38.434 
410.000 38.413 
411.000 38.391 
412.000 38.368 
413.000 38.389 
414.000 38.406 
415.000 38.420 
416.000 38.430 
417.000 38.438 
418.000 38.442 
419.000 38.496 
420.000 38.544 
421.000 38.587 
422.000 38.624 
423.000 38.656 
424.000 38.684 
425.000 38.707 
426.000 38.726 
427.000 38.742 
428.000 38.753 
429.000 38.762 
430.000 38.767 
431.000 38.770 
432.000 38.770 
433.000 38.768 
434.000 38.764 
435.000 38.758 
436.000 38.795 
437.000 38.828 
438.000 38.856 
439.000 38.881 
440.000 38.903 
441.000 38.921 
442.000 38.936 
443.000 38.949 
444.000 38.958 
445.000 38.966 
446.000 38.971 
447.000 38.974 
448.000 38.975 
449.000 38.975 
450.000 38.973 
451.000 38.970 
452.000 38.965 
453.000 38.960 
454.000 38.954 
455.000 38.991 
456.000 39.025 
457.000 39.055 
458.000 39.083 
459.000 39.107 
460.000 39.128 
461.000 39.191 
462.000 39.249 
463.000 39.301 
464.000 39.349 
465.000 39.391 
466.000 39.385 
467.000 39.378 
468.000 39.370 
469.000 39.361 
470.000 39.351 
471.000 39.341 
472.000 39.330 
473.000 39.319 
474.000 39.308 
475.000 39.297 
476.000 39.286 
477.000 39.275 
478.000 39.221 
479.000 39.169 
480.000 39.121 
481.000 39.075 
482.000 38.989 
483.000 38.908 
484.000 38.833 
485.000 38.763 
486.000 38.698 
487.000 38.639 
488.000 38.584 
489.000 38.533 
490.000 38.487 
491.000 38.444 
492.000 38.450 
493.000 38.455 
494.000 38.462 
495.000 38.468 
496.000 38.473 
497.000 38.479 
498.000 38.528 
499.000 38.530 
500.000 38.531 
501.000 38.531 
502.000 38.531 
503.000 38.530 
504.000 38.528 
505.000 38.526 
506.000 38.523 
507.000 38.519 
508.000 38.470 
509.000 38.424 
510.000 38.380 
511.000 38.338 
512.000 38.299 
513.000 38.262 
514.000 38.226 
515.000 38.193 
516.000 38.162 
517.000 38.132 
518.000 38.053 
519.000 37.978 
520.000 37.909 
521.000 37.844 
522.000 37.783 
523.000 37.778 
524.000 37.774 
525.000 37.770 
526.000 37.766 
527.000 37.762 
528.000 37.759 
529.000 37.755 
530.000 37.751 
531.000 37.791 
532.000 37.828 
533.000 37.861 
534.000 37.892 
535.000 37.919 
536.000 37.987 
537.000 38.005 
538.000 38.020 
539.000 38.033 
540.000 38.043 
541.000 38.051 
542.000 38.056 
543.000 38.060 
544.000 38.062 
545.000 38.017 
546.000 37.975 
547.000 37.933 
548.000 37.894 
549.000 37.856 
550.000 37.819 
551.000 37.784 
552.000 37.751 
553.000 37.720 
554.000 37.690 
555.000 37.662 
556.000 37.635 
557.000 37.609 
558.000 37.585 
559.000 37.562 
560.000 37.540 
561.000 37.520 
562.000 37.500 
563.000 37.481 
564.000 37.463 
565.000 37.446 
566.000 37.429 
567.000 37.413 
568.000 37.397 
569.000 37.426 
570.000 37.453 
571.000 37.477 
572.000 37.499 
573.000 37.518 
574.000 37.535 
575.000 37.550 
576.000 37.562 
577.000 37.572 
578.000 37.581 
579.000 37.587 
580.000 37.592 
581.000 37.595 
582.000 37.641 
583.000 37.682 
584.000 37.720 
585.000 37.753 
586.000 37.783 
587.000 37.854 
588.000 37.918 
589.000 37.977 
590.000 38.082 
591.000 38.178 
592.000 28.000 
593.000 28.000 
594.000 28.000 
595.000 28.000 
596.000 28.000 
597.000 28.000 
598.000 28.000 
599.000 28.000 
600.000 28.000 
601.000 28.000 
602.000 28.000 
603.000 28.000 
604.000 28.000 
605.000 28.000 
606.000 28.000 
607.000 28.000 
608.000 28.000 
609.000 28.000 
610.000 28.000 
611.000 28.000 
612.000 28.000 
613.000 28.000 
614.000 28.000 
615.000 28.000 
616.000 28.000 
617.000 28.000 
618.000 28.000 
619.000 28.000 
620.000 28.000 
621.000 28.000 
622.000 28.000 
623.000 28.000 
624.000 28.000 
625.000 28.000 
626.000 28.000 
627.000 28.000 
628.000 28.000 
629.000 28.000 
630.000 28.000 
631.000 28.000 
632.000 28.000 
633.000 28.000 
634.000 28.000 
635.000 28.000 
636.000 28.000 
637.000 28.000 
638.000 28.000 
639.000 28.000 
640.000 28.000 
641.000 28.000 
642.000 28.000 
643.000 28.000 
644.000 28.000 
645.000 28.000 
646.000 28.000 
647.000 28.000 
648.000 28.000 
649.000 28.000 
650.000 28.000 
651.000 28.000 
652.000 28.000 
653.000 28.000 
654.000 28.000 
655.000 28.000 
656.000 28.000 
657.000 28.000 
658.000 28.000 
659.000 28.000 
660.000 28.000 
661.000 28.000 
662.000 28.000 
663.000 28.000 
664.000 28.000 
665.000 28.000 
666.000 28.000 
667.000 28.000 
668.000 28.000 
669.000 28.000 
670.000 28.000 
671.000 28.000 
672.000 28.000 
673.000 28.000 
674.000 28.000 
675.000 28.000 
676.000 28.000 
677.000 28.000 
678.000 28.000 
679.000 28.000 
680.000 28.000 
681.000 28.000 
682.000 28.000 
683.000 28.000 
684.000 28.000 
685.000 28.000 
686.000 28.000 
687.000 28.000 
688.000 28.000 
689.000 28.000 
690.000 28.000 
691.000 28.000 
692.000 28.000 
693.000 28.000 
694.000 28.000 
695.000 28.000 
696.000 28.000 
697.000 28.000 
698.000 28.000 
699.000 28.000 
700.000 28.000 
