1.000 34.000 
2.000 33.560 
3.000 33.560 
4.000 33.560 
5.000 33.560 
6.000 33.560 
7.000 33.560 
8.000 33.560 
9.000 33.560 
10.000 33.560 
11.000 33.620 
12.000 33.620 
13.000 33.620 
14.000 33.620 
15.000 33.620 
16.000 33.680 
17.000 33.680 
18.000 33.750 
19.000 33.810 
20.000 33.870 
21.000 33.930 
22.000 34.000 
23.000 34.060 
24.000 34.180 
25.000 34.310 
26.000 34.370 
27.000 34.500 
28.000 34.620 
29.000 34.750 
30.000 34.870 
31.000 35.000 
32.000 35.180 
33.000 35.310 
34.000 35.430 
35.000 35.620 
36.000 35.750 
37.000 35.870 
38.000 36.060 
39.000 36.250 
40.000 36.370 
41.000 36.560 
42.000 36.680 
43.000 36.870 
44.000 37.000 
45.000 37.180 
46.000 37.310 
47.000 37.500 
48.000 37.620 
49.000 37.810 
50.000 37.930 
51.000 38.120 
52.000 38.250 
53.000 38.370 
54.000 38.500 
55.000 38.620 
56.000 38.750 
57.000 38.870 
58.000 39.000 
59.000 39.120 
60.000 39.250 
61.000 39.370 
62.000 39.500 
63.000 39.620 
64.000 39.680 
65.000 39.810 
66.000 39.870 
67.000 40.000 
68.000 40.060 
69.000 40.120 
70.000 40.250 
71.000 40.310 
72.000 40.370 
73.000 40.430 
74.000 40.500 
75.000 40.500 
76.000 40.560 
77.000 40.620 
78.000 40.680 
79.000 40.680 
80.000 40.750 
81.000 40.750 
82.000 40.810 
83.000 40.810 
84.000 40.810 
85.000 40.810 
86.000 40.810 
87.000 40.810 
88.000 40.810 
89.000 40.810 
90.000 40.810 
91.000 40.750 
92.000 40.750 
93.000 40.750 
94.000 40.680 
95.000 40.680 
96.000 40.680 
97.000 40.620 
98.000 40.620 
99.000 40.620 
100.000 40.560 
101.000 40.560 
102.000 40.500 
103.000 40.500 
104.000 40.500 
105.000 40.430 
106.000 40.430 
107.000 40.370 
108.000 40.370 
109.000 40.310 
110.000 40.310 
111.000 40.250 
112.000 40.250 
113.000 40.180 
114.000 40.120 
115.000 40.060 
116.000 40.060 
117.000 40.000 
118.000 40.000 
119.000 39.930 
120.000 39.870 
121.000 39.870 
122.000 39.810 
123.000 39.810 
124.000 39.750 
125.000 39.750 
126.000 39.680 
127.000 39.680 
128.000 39.620 
129.000 39.620 
130.000 39.620 
131.000 39.620 
132.000 39.620 
133.000 39.620 
134.000 39.620 
135.000 39.620 
136.000 39.620 
137.000 39.620 
138.000 39.620 
139.000 39.620 
140.000 39.620 
141.000 39.620 
142.000 39.620 
143.000 39.620 
144.000 39.620 
145.000 39.620 
146.000 39.620 
147.000 39.560 
148.000 39.620 
149.000 39.620 
150.000 39.620 
151.000 39.620 
152.000 39.620 
153.000 39.620 
154.000 39.620 
155.000 39.680 
156.000 39.680 
157.000 39.680 
158.000 39.680 
159.000 39.680 
160.000 39.750 
161.000 39.750 
162.000 39.750 
163.000 39.750 
164.000 39.750 
165.000 39.750 
166.000 39.750 
167.000 39.750 
168.000 39.750 
169.000 39.750 
170.000 39.750 
171.000 39.810 
172.000 39.810 
173.000 39.810 
174.000 39.810 
175.000 39.810 
176.000 39.810 
177.000 39.810 
178.000 39.870 
179.000 39.870 
180.000 39.870 
181.000 39.870 
182.000 39.870 
183.000 39.870 
184.000 39.930 
185.000 39.930 
186.000 39.930 
187.000 39.930 
188.000 39.930 
189.000 39.930 
190.000 39.930 
191.000 39.930 
192.000 39.930 
193.000 39.930 
194.000 39.930 
195.000 39.930 
196.000 39.930 
197.000 39.930 
198.000 39.930 
199.000 39.930 
200.000 40.000 
201.000 40.000 
202.000 40.000 
203.000 40.000 
204.000 40.060 
205.000 40.060 
206.000 40.060 
207.000 40.120 
208.000 40.120 
209.000 40.120 
210.000 40.120 
211.000 40.120 
212.000 40.120 
213.000 40.120 
214.000 40.120 
215.000 40.120 
216.000 40.120 
217.000 40.060 
218.000 40.060 
219.000 40.060 
220.000 40.060 
221.000 40.060 
222.000 40.060 
223.000 40.060 
224.000 40.060 
225.000 40.060 
226.000 40.060 
227.000 40.060 
228.000 40.060 
229.000 40.060 
230.000 40.060 
231.000 40.060 
232.000 40.000 
233.000 40.000 
234.000 40.000 
235.000 40.000 
236.000 40.000 
237.000 40.060 
238.000 40.060 
239.000 40.000 
240.000 40.060 
241.000 40.060 
242.000 40.060 
243.000 40.060 
244.000 40.120 
245.000 40.120 
246.000 40.060 
247.000 40.060 
248.000 40.060 
249.000 40.060 
250.000 40.060 
251.000 40.060 
252.000 40.060 
253.000 40.060 
254.000 40.060 
255.000 40.060 
256.000 40.060 
257.000 40.060 
258.000 40.060 
259.000 40.060 
260.000 40.060 
261.000 40.060 
262.000 40.060 
263.000 40.060 
264.000 40.060 
265.000 40.120 
266.000 40.120 
267.000 40.120 
268.000 40.120 
269.000 40.120 
270.000 40.180 
271.000 40.180 
272.000 40.180 
273.000 40.250 
274.000 40.250 
275.000 40.310 
276.000 40.310 
277.000 40.310 
278.000 40.370 
279.000 40.430 
280.000 40.430 
281.000 40.430 
282.000 40.500 
283.000 40.500 
284.000 40.500 
285.000 40.560 
286.000 40.560 
287.000 40.560 
288.000 40.560 
289.000 40.620 
290.000 40.620 
291.000 40.680 
292.000 40.680 
293.000 40.680 
294.000 40.680 
295.000 40.680 
296.000 40.750 
297.000 40.750 
298.000 40.750 
299.000 40.810 
300.000 40.810 
301.000 40.810 
302.000 40.810 
303.000 40.810 
304.000 40.810 
305.000 40.870 
306.000 40.870 
307.000 40.870 
308.000 40.870 
309.000 40.870 
310.000 40.870 
311.000 40.870 
312.000 40.870 
313.000 40.930 
314.000 40.930 
315.000 40.930 
316.000 40.930 
317.000 40.930 
318.000 40.930 
319.000 40.930 
320.000 40.930 
321.000 40.930 
322.000 40.930 
323.000 40.930 
324.000 41.000 
325.000 41.000 
326.000 41.000 
327.000 41.000 
328.000 41.000 
329.000 41.000 
330.000 41.000 
331.000 41.000 
332.000 40.930 
333.000 40.930 
334.000 40.930 
335.000 40.930 
336.000 40.930 
337.000 40.930 
338.000 40.930 
339.000 40.870 
340.000 40.930 
341.000 40.870 
342.000 40.870 
343.000 40.870 
344.000 40.870 
345.000 40.810 
346.000 40.810 
347.000 40.810 
348.000 40.810 
349.000 40.750 
350.000 40.750 
351.000 40.750 
352.000 40.750 
353.000 40.750 
354.000 40.750 
355.000 40.750 
356.000 40.750 
357.000 40.750 
358.000 40.750 
359.000 40.750 
360.000 40.750 
361.000 40.680 
362.000 40.680 
363.000 40.680 
364.000 40.680 
365.000 40.680 
366.000 40.620 
367.000 40.620 
368.000 40.620 
369.000 40.560 
370.000 40.560 
371.000 40.560 
372.000 40.620 
373.000 40.620 
374.000 40.560 
375.000 40.560 
376.000 40.560 
377.000 40.500 
378.000 40.500 
379.000 40.500 
380.000 40.500 
381.000 40.430 
382.000 40.430 
383.000 40.430 
384.000 40.430 
385.000 40.430 
386.000 40.430 
387.000 40.370 
388.000 40.370 
389.000 40.370 
390.000 40.370 
391.000 40.370 
392.000 40.310 
393.000 40.310 
394.000 40.310 
395.000 40.310 
396.000 40.310 
397.000 40.310 
398.000 40.310 
399.000 40.310 
400.000 40.310 
401.000 40.310 
402.000 40.310 
403.000 40.310 
404.000 40.310 
405.000 40.310 
406.000 40.310 
407.000 40.310 
408.000 40.310 
409.000 40.310 
410.000 40.310 
411.000 40.310 
412.000 40.310 
413.000 40.250 
414.000 40.250 
415.000 40.250 
416.000 40.250 
417.000 40.250 
418.000 40.250 
419.000 40.180 
420.000 40.180 
421.000 40.180 
422.000 40.180 
423.000 40.180 
424.000 40.180 
425.000 40.180 
426.000 40.180 
427.000 40.180 
428.000 40.180 
429.000 40.180 
430.000 40.180 
431.000 40.180 
432.000 40.180 
433.000 40.180 
434.000 40.180 
435.000 40.180 
436.000 40.120 
437.000 40.120 
438.000 40.120 
439.000 40.120 
440.000 40.120 
441.000 40.120 
442.000 40.120 
443.000 40.120 
444.000 40.120 
445.000 40.120 
446.000 40.120 
447.000 40.120 
448.000 40.120 
449.000 40.120 
450.000 40.120 
451.000 40.120 
452.000 40.120 
453.000 40.120 
454.000 40.120 
455.000 40.060 
456.000 40.060 
457.000 40.060 
458.000 40.060 
459.000 40.060 
460.000 40.060 
461.000 40.000 
462.000 40.000 
463.000 40.000 
464.000 40.000 
465.000 40.000 
466.000 40.060 
467.000 40.060 
468.000 40.060 
469.000 40.060 
470.000 40.060 
471.000 40.060 
472.000 40.060 
473.000 40.060 
474.000 40.060 
475.000 40.060 
476.000 40.060 
477.000 40.060 
478.000 40.120 
479.000 40.120 
480.000 40.120 
481.000 40.120 
482.000 40.180 
483.000 40.180 
484.000 40.180 
485.000 40.180 
486.000 40.180 
487.000 40.180 
488.000 40.180 
489.000 40.180 
490.000 40.180 
491.000 40.180 
492.000 40.120 
493.000 40.120 
494.000 40.120 
495.000 40.120 
496.000 40.120 
497.000 40.120 
498.000 40.060 
499.000 40.120 
500.000 40.120 
501.000 40.120 
502.000 40.120 
503.000 40.120 
504.000 40.120 
505.000 40.120 
506.000 40.120 
507.000 40.120 
508.000 40.180 
509.000 40.180 
510.000 40.180 
511.000 40.180 
512.000 40.180 
513.000 40.180 
514.000 40.180 
515.000 40.180 
516.000 40.180 
517.000 40.180 
518.000 40.250 
519.000 40.250 
520.000 40.250 
521.000 40.250 
522.000 40.250 
523.000 40.180 
524.000 40.180 
525.000 40.180 
526.000 40.180 
527.000 40.180 
528.000 40.180 
529.000 40.180 
530.000 40.180 
531.000 40.120 
532.000 40.120 
533.000 40.120 
534.000 40.120 
535.000 40.120 
536.000 40.060 
537.000 40.120 
538.000 40.120 
539.000 40.120 
540.000 40.120 
541.000 40.120 
542.000 40.120 
543.000 40.120 
544.000 40.120 
545.000 40.180 
546.000 40.180 
547.000 40.180 
548.000 40.180 
549.000 40.180 
550.000 40.180 
551.000 40.180 
552.000 40.180 
553.000 40.180 
554.000 40.180 
555.000 40.180 
556.000 40.180 
557.000 40.180 
558.000 40.180 
559.000 40.180 
560.000 40.180 
561.000 40.180 
562.000 40.180 
563.000 40.180 
564.000 40.180 
565.000 40.180 
566.000 40.180 
567.000 40.180 
568.000 40.180 
569.000 40.120 
570.000 40.120 
571.000 40.120 
572.000 40.120 
573.000 40.120 
574.000 40.120 
575.000 40.120 
576.000 40.120 
577.000 40.120 
578.000 40.120 
579.000 40.120 
580.000 40.120 
581.000 40.120 
582.000 40.060 
583.000 40.060 
584.000 40.060 
585.000 40.060 
586.000 40.060 
587.000 40.000 
588.000 40.000 
589.000 40.000 
590.000 39.930 
591.000 39.930 
592.000 34.000 
593.000 34.000 
594.000 34.000 
595.000 34.000 
596.000 34.000 
597.000 34.000 
598.000 34.000 
599.000 34.000 
600.000 34.000 
601.000 34.000 
602.000 34.000 
603.000 34.000 
604.000 34.000 
605.000 34.000 
606.000 34.000 
607.000 34.000 
608.000 34.000 
609.000 34.000 
610.000 34.000 
611.000 34.000 
612.000 34.000 
613.000 34.000 
614.000 34.000 
615.000 34.000 
616.000 34.000 
617.000 34.000 
618.000 34.000 
619.000 34.000 
620.000 34.000 
621.000 34.000 
622.000 34.000 
623.000 34.000 
624.000 34.000 
625.000 34.000 
626.000 34.000 
627.000 34.000 
628.000 34.000 
629.000 34.000 
630.000 34.000 
631.000 34.000 
632.000 34.000 
633.000 34.000 
634.000 34.000 
635.000 34.000 
636.000 34.000 
637.000 34.000 
638.000 34.000 
639.000 34.000 
640.000 34.000 
641.000 34.000 
642.000 34.000 
643.000 34.000 
644.000 34.000 
645.000 34.000 
646.000 34.000 
647.000 34.000 
648.000 34.000 
649.000 34.000 
650.000 34.000 
651.000 34.000 
652.000 34.000 
653.000 34.000 
654.000 34.000 
655.000 34.000 
656.000 34.000 
657.000 34.000 
658.000 34.000 
659.000 34.000 
660.000 34.000 
661.000 34.000 
662.000 34.000 
663.000 34.000 
664.000 34.000 
665.000 34.000 
666.000 34.000 
667.000 34.000 
668.000 34.000 
669.000 34.000 
670.000 34.000 
671.000 34.000 
672.000 34.000 
673.000 34.000 
674.000 34.000 
675.000 34.000 
676.000 34.000 
677.000 34.000 
678.000 34.000 
679.000 34.000 
680.000 34.000 
681.000 34.000 
682.000 34.000 
683.000 34.000 
684.000 34.000 
685.000 34.000 
686.000 34.000 
687.000 34.000 
688.000 34.000 
689.000 34.000 
690.000 34.000 
691.000 34.000 
692.000 34.000 
693.000 34.000 
694.000 34.000 
695.000 34.000 
696.000 34.000 
697.000 34.000 
698.000 34.000 
699.000 34.000 
700.000 34.000 
