1.000 35.000 
2.000 34.620 
3.000 34.620 
4.000 34.560 
5.000 34.560 
6.000 34.560 
7.000 34.560 
8.000 34.560 
9.000 34.560 
10.000 34.560 
11.000 34.560 
12.000 34.500 
13.000 34.560 
14.000 34.560 
15.000 34.560 
16.000 34.620 
17.000 34.620 
18.000 34.620 
19.000 34.680 
20.000 34.750 
21.000 34.810 
22.000 34.810 
23.000 34.870 
24.000 35.000 
25.000 35.060 
26.000 35.120 
27.000 35.250 
28.000 35.310 
29.000 35.430 
30.000 35.560 
31.000 35.680 
32.000 35.750 
33.000 35.930 
34.000 36.060 
35.000 36.180 
36.000 36.310 
37.000 36.430 
38.000 36.560 
39.000 36.680 
40.000 36.810 
41.000 36.930 
42.000 37.060 
43.000 37.250 
44.000 37.370 
45.000 37.500 
46.000 37.620 
47.000 37.750 
48.000 37.870 
49.000 38.000 
50.000 38.120 
51.000 38.250 
52.000 38.370 
53.000 38.500 
54.000 38.620 
55.000 38.750 
56.000 38.870 
57.000 38.930 
58.000 39.060 
59.000 39.120 
60.000 39.250 
61.000 39.310 
62.000 39.430 
63.000 39.500 
64.000 39.620 
65.000 39.680 
66.000 39.750 
67.000 39.870 
68.000 39.930 
69.000 40.000 
70.000 40.060 
71.000 40.120 
72.000 40.180 
73.000 40.250 
74.000 40.310 
75.000 40.370 
76.000 40.430 
77.000 40.430 
78.000 40.500 
79.000 40.500 
80.000 40.560 
81.000 40.560 
82.000 40.620 
83.000 40.620 
84.000 40.620 
85.000 40.680 
86.000 40.680 
87.000 40.680 
88.000 40.680 
89.000 40.680 
90.000 40.680 
91.000 40.680 
92.000 40.680 
93.000 40.620 
94.000 40.620 
95.000 40.620 
96.000 40.620 
97.000 40.620 
98.000 40.560 
99.000 40.500 
100.000 40.500 
101.000 40.430 
102.000 40.430 
103.000 40.370 
104.000 40.370 
105.000 40.310 
106.000 40.310 
107.000 40.250 
108.000 40.250 
109.000 40.180 
110.000 40.180 
111.000 40.180 
112.000 40.120 
113.000 40.120 
114.000 40.120 
115.000 40.060 
116.000 40.060 
117.000 40.000 
118.000 40.000 
119.000 39.930 
120.000 39.930 
121.000 39.930 
122.000 39.870 
123.000 39.870 
124.000 39.870 
125.000 39.870 
126.000 39.870 
127.000 39.810 
128.000 39.810 
129.000 39.750 
130.000 39.750 
131.000 39.750 
132.000 39.680 
133.000 39.680 
134.000 39.680 
135.000 39.620 
136.000 39.620 
137.000 39.620 
138.000 39.560 
139.000 39.620 
140.000 39.560 
141.000 39.560 
142.000 39.560 
143.000 39.560 
144.000 39.560 
145.000 39.560 
146.000 39.500 
147.000 39.500 
148.000 39.500 
149.000 39.500 
150.000 39.500 
151.000 39.500 
152.000 39.500 
153.000 39.500 
154.000 39.500 
155.000 39.500 
156.000 39.500 
157.000 39.500 
158.000 39.500 
159.000 39.500 
160.000 39.500 
161.000 39.500 
162.000 39.500 
163.000 39.560 
164.000 39.560 
165.000 39.620 
166.000 39.620 
167.000 39.680 
168.000 39.680 
169.000 39.680 
170.000 39.750 
171.000 39.750 
172.000 39.810 
173.000 39.810 
174.000 39.810 
175.000 39.870 
176.000 39.870 
177.000 39.870 
178.000 39.930 
179.000 39.930 
180.000 40.000 
181.000 40.000 
182.000 40.000 
183.000 40.000 
184.000 40.000 
185.000 40.060 
186.000 40.060 
187.000 40.060 
188.000 40.060 
189.000 40.060 
190.000 40.060 
191.000 40.060 
192.000 40.060 
193.000 40.060 
194.000 40.060 
195.000 40.060 
196.000 40.060 
197.000 40.120 
198.000 40.120 
199.000 40.120 
200.000 40.120 
201.000 40.060 
202.000 40.060 
203.000 40.060 
204.000 40.060 
205.000 40.060 
206.000 40.060 
207.000 40.060 
208.000 40.060 
209.000 40.000 
210.000 40.000 
211.000 40.000 
212.000 40.000 
213.000 40.000 
214.000 40.000 
215.000 40.000 
216.000 39.930 
217.000 39.930 
218.000 40.000 
219.000 40.000 
220.000 40.000 
221.000 39.930 
222.000 39.930 
223.000 39.930 
224.000 39.930 
225.000 39.930 
226.000 39.870 
227.000 39.870 
228.000 39.870 
229.000 39.810 
230.000 39.810 
231.000 39.810 
232.000 39.810 
233.000 39.810 
234.000 39.750 
235.000 39.750 
236.000 39.750 
237.000 39.750 
238.000 39.750 
239.000 39.750 
240.000 39.750 
241.000 39.750 
242.000 39.680 
243.000 39.680 
244.000 39.680 
245.000 39.680 
246.000 39.750 
247.000 39.680 
248.000 39.680 
249.000 39.750 
250.000 39.680 
251.000 39.680 
252.000 39.680 
253.000 39.750 
254.000 39.750 
255.000 39.750 
256.000 39.750 
257.000 39.750 
258.000 39.750 
259.000 39.810 
260.000 39.810 
261.000 39.870 
262.000 39.930 
263.000 39.930 
264.000 40.000 
265.000 40.060 
266.000 40.060 
267.000 40.120 
268.000 40.120 
269.000 40.120 
270.000 40.180 
271.000 40.180 
272.000 40.250 
273.000 40.250 
274.000 40.310 
275.000 40.310 
276.000 40.370 
277.000 40.430 
278.000 40.430 
279.000 40.500 
280.000 40.560 
281.000 40.560 
282.000 40.620 
283.000 40.620 
284.000 40.620 
285.000 40.620 
286.000 40.620 
287.000 40.680 
288.000 40.680 
289.000 40.680 
290.000 40.750 
291.000 40.680 
292.000 40.750 
293.000 40.750 
294.000 40.750 
295.000 40.750 
296.000 40.750 
297.000 40.750 
298.000 40.750 
299.000 40.750 
300.000 40.750 
301.000 40.750 
302.000 40.680 
303.000 40.680 
304.000 40.620 
305.000 40.620 
306.000 40.620 
307.000 40.620 
308.000 40.560 
309.000 40.560 
310.000 40.500 
311.000 40.500 
312.000 40.430 
313.000 40.430 
314.000 40.430 
315.000 40.370 
316.000 40.370 
317.000 40.310 
318.000 40.310 
319.000 40.250 
320.000 40.250 
321.000 40.180 
322.000 40.180 
323.000 40.120 
324.000 40.120 
325.000 40.120 
326.000 40.060 
327.000 40.060 
328.000 40.060 
329.000 40.000 
330.000 40.000 
331.000 40.000 
332.000 39.930 
333.000 39.930 
334.000 39.930 
335.000 39.870 
336.000 39.870 
337.000 39.870 
338.000 39.810 
339.000 39.810 
340.000 39.810 
341.000 39.810 
342.000 39.810 
343.000 39.810 
344.000 39.810 
345.000 39.810 
346.000 39.810 
347.000 39.810 
348.000 39.810 
349.000 39.810 
350.000 39.810 
351.000 39.810 
352.000 39.810 
353.000 39.810 
354.000 39.810 
355.000 39.810 
356.000 39.810 
357.000 39.810 
358.000 39.810 
359.000 39.810 
360.000 39.810 
361.000 39.810 
362.000 39.810 
363.000 39.810 
364.000 39.810 
365.000 39.870 
366.000 39.870 
367.000 39.870 
368.000 39.870 
369.000 39.870 
370.000 39.870 
371.000 39.930 
372.000 39.930 
373.000 39.930 
374.000 39.930 
375.000 40.000 
376.000 40.000 
377.000 40.060 
378.000 40.060 
379.000 40.060 
380.000 40.060 
381.000 40.060 
382.000 40.000 
383.000 40.000 
384.000 40.000 
385.000 40.000 
386.000 40.000 
387.000 40.000 
388.000 40.060 
389.000 40.060 
390.000 40.060 
391.000 40.060 
392.000 40.060 
393.000 40.120 
394.000 40.120 
395.000 40.120 
396.000 40.120 
397.000 40.120 
398.000 40.120 
399.000 40.120 
400.000 40.120 
401.000 40.120 
402.000 40.120 
403.000 40.120 
404.000 40.120 
405.000 40.120 
406.000 40.120 
407.000 40.120 
408.000 40.120 
409.000 40.120 
410.000 40.120 
411.000 40.120 
412.000 40.120 
413.000 40.060 
414.000 40.060 
415.000 40.060 
416.000 40.060 
417.000 40.060 
418.000 40.060 
419.000 40.060 
420.000 40.060 
421.000 40.060 
422.000 40.060 
423.000 40.060 
424.000 40.000 
425.000 40.000 
426.000 40.000 
427.000 40.000 
428.000 40.000 
429.000 40.000 
430.000 40.000 
431.000 40.000 
432.000 40.000 
433.000 40.000 
434.000 40.000 
435.000 40.000 
436.000 40.000 
437.000 40.000 
438.000 40.000 
439.000 40.000 
440.000 40.000 
441.000 40.000 
442.000 40.000 
443.000 40.000 
444.000 40.000 
445.000 40.000 
446.000 40.000 
447.000 40.000 
448.000 40.000 
449.000 40.000 
450.000 40.000 
451.000 40.000 
452.000 40.000 
453.000 40.000 
454.000 40.000 
455.000 40.000 
456.000 40.000 
457.000 40.000 
458.000 40.000 
459.000 40.000 
460.000 40.000 
461.000 40.000 
462.000 39.930 
463.000 40.000 
464.000 40.000 
465.000 40.000 
466.000 40.000 
467.000 40.000 
468.000 40.000 
469.000 40.000 
470.000 40.000 
471.000 40.000 
472.000 40.000 
473.000 40.000 
474.000 40.060 
475.000 40.060 
476.000 40.060 
477.000 40.060 
478.000 40.060 
479.000 40.060 
480.000 40.120 
481.000 40.120 
482.000 40.120 
483.000 40.120 
484.000 40.120 
485.000 40.120 
486.000 40.120 
487.000 40.120 
488.000 40.120 
489.000 40.120 
490.000 40.120 
491.000 40.120 
492.000 40.180 
493.000 40.180 
494.000 40.180 
495.000 40.180 
496.000 40.180 
497.000 40.180 
498.000 40.180 
499.000 40.180 
500.000 40.180 
501.000 40.180 
502.000 40.180 
503.000 40.180 
504.000 40.120 
505.000 40.120 
506.000 40.120 
507.000 40.120 
508.000 40.120 
509.000 40.060 
510.000 40.060 
511.000 40.060 
512.000 40.060 
513.000 40.060 
514.000 40.060 
515.000 40.060 
516.000 40.060 
517.000 35.000 
518.000 35.000 
519.000 35.000 
520.000 35.000 
521.000 35.000 
522.000 35.000 
523.000 35.000 
524.000 35.000 
525.000 35.000 
526.000 35.000 
527.000 35.000 
528.000 35.000 
529.000 35.000 
530.000 35.000 
531.000 35.000 
532.000 35.000 
533.000 35.000 
534.000 35.000 
535.000 35.000 
536.000 35.000 
537.000 35.000 
538.000 35.000 
539.000 35.000 
540.000 35.000 
541.000 35.000 
542.000 35.000 
543.000 35.000 
544.000 35.000 
545.000 35.000 
546.000 35.000 
547.000 35.000 
548.000 35.000 
549.000 35.000 
550.000 35.000 
551.000 35.000 
552.000 35.000 
553.000 35.000 
554.000 35.000 
555.000 35.000 
556.000 35.000 
557.000 35.000 
558.000 35.000 
559.000 35.000 
560.000 35.000 
561.000 35.000 
562.000 35.000 
563.000 35.000 
564.000 35.000 
565.000 35.000 
566.000 35.000 
567.000 35.000 
568.000 35.000 
569.000 35.000 
570.000 35.000 
571.000 35.000 
572.000 35.000 
573.000 35.000 
574.000 35.000 
575.000 35.000 
576.000 35.000 
577.000 35.000 
578.000 35.000 
579.000 35.000 
580.000 35.000 
581.000 35.000 
582.000 35.000 
583.000 35.000 
584.000 35.000 
585.000 35.000 
586.000 35.000 
587.000 35.000 
588.000 35.000 
589.000 35.000 
590.000 35.000 
591.000 35.000 
592.000 35.000 
593.000 35.000 
594.000 35.000 
595.000 35.000 
596.000 35.000 
597.000 35.000 
598.000 35.000 
599.000 35.000 
600.000 35.000 
601.000 35.000 
602.000 35.000 
603.000 35.000 
604.000 35.000 
605.000 35.000 
606.000 35.000 
607.000 35.000 
608.000 35.000 
609.000 35.000 
610.000 35.000 
611.000 35.000 
612.000 35.000 
613.000 35.000 
614.000 35.000 
615.000 35.000 
616.000 35.000 
617.000 35.000 
618.000 35.000 
619.000 35.000 
620.000 35.000 
621.000 35.000 
622.000 35.000 
623.000 35.000 
624.000 35.000 
625.000 35.000 
626.000 35.000 
627.000 35.000 
628.000 35.000 
629.000 35.000 
630.000 35.000 
631.000 35.000 
632.000 35.000 
633.000 35.000 
634.000 35.000 
635.000 35.000 
636.000 35.000 
637.000 35.000 
638.000 35.000 
639.000 35.000 
640.000 35.000 
641.000 35.000 
642.000 35.000 
643.000 35.000 
644.000 35.000 
645.000 35.000 
646.000 35.000 
647.000 35.000 
648.000 35.000 
649.000 35.000 
650.000 35.000 
651.000 35.000 
652.000 35.000 
653.000 35.000 
654.000 35.000 
655.000 35.000 
656.000 35.000 
657.000 35.000 
658.000 35.000 
659.000 35.000 
660.000 35.000 
661.000 35.000 
662.000 35.000 
663.000 35.000 
664.000 35.000 
665.000 35.000 
666.000 35.000 
667.000 35.000 
668.000 35.000 
669.000 35.000 
670.000 35.000 
671.000 35.000 
672.000 35.000 
673.000 35.000 
674.000 35.000 
675.000 35.000 
676.000 35.000 
677.000 35.000 
678.000 35.000 
679.000 35.000 
680.000 35.000 
681.000 35.000 
682.000 35.000 
683.000 35.000 
684.000 35.000 
685.000 35.000 
686.000 35.000 
687.000 35.000 
688.000 35.000 
689.000 35.000 
690.000 35.000 
691.000 35.000 
692.000 35.000 
693.000 35.000 
694.000 35.000 
695.000 35.000 
696.000 35.000 
697.000 35.000 
698.000 35.000 
699.000 35.000 
700.000 35.000 
