1.000 34.000 
2.000 34.310 
3.000 34.310 
4.000 34.370 
5.000 34.310 
6.000 34.370 
7.000 34.310 
8.000 34.310 
9.000 34.310 
10.000 34.310 
11.000 34.310 
12.000 34.310 
13.000 34.310 
14.000 34.310 
15.000 34.370 
16.000 34.370 
17.000 34.430 
18.000 34.430 
19.000 34.500 
20.000 34.560 
21.000 34.620 
22.000 34.750 
23.000 34.810 
24.000 34.930 
25.000 35.000 
26.000 35.120 
27.000 35.250 
28.000 35.370 
29.000 35.430 
30.000 35.560 
31.000 35.680 
32.000 35.870 
33.000 36.000 
34.000 36.120 
35.000 36.250 
36.000 36.370 
37.000 36.560 
38.000 36.680 
39.000 36.810 
40.000 37.000 
41.000 37.120 
42.000 37.250 
43.000 37.430 
44.000 37.560 
45.000 37.680 
46.000 37.810 
47.000 37.930 
48.000 38.060 
49.000 38.250 
50.000 38.370 
51.000 38.430 
52.000 38.560 
53.000 38.680 
54.000 38.810 
55.000 38.930 
56.000 39.000 
57.000 39.120 
58.000 39.250 
59.000 39.310 
60.000 39.370 
61.000 39.500 
62.000 39.560 
63.000 39.620 
64.000 39.750 
65.000 39.810 
66.000 39.870 
67.000 39.930 
68.000 40.000 
69.000 40.060 
70.000 40.120 
71.000 40.180 
72.000 40.180 
73.000 40.250 
74.000 40.250 
75.000 40.310 
76.000 40.310 
77.000 40.310 
78.000 40.370 
79.000 40.370 
80.000 40.430 
81.000 40.430 
82.000 40.500 
83.000 40.500 
84.000 40.500 
85.000 40.500 
86.000 40.560 
87.000 40.560 
88.000 40.560 
89.000 40.560 
90.000 40.560 
91.000 40.560 
92.000 40.560 
93.000 40.560 
94.000 40.560 
95.000 40.560 
96.000 40.560 
97.000 40.560 
98.000 40.560 
99.000 40.500 
100.000 40.500 
101.000 40.500 
102.000 40.430 
103.000 40.430 
104.000 40.370 
105.000 40.370 
106.000 40.370 
107.000 40.310 
108.000 40.310 
109.000 40.310 
110.000 40.250 
111.000 40.250 
112.000 40.180 
113.000 40.180 
114.000 40.120 
115.000 40.060 
116.000 40.060 
117.000 40.060 
118.000 40.060 
119.000 40.060 
120.000 40.000 
121.000 40.000 
122.000 39.930 
123.000 39.930 
124.000 39.930 
125.000 39.870 
126.000 39.870 
127.000 39.810 
128.000 39.810 
129.000 39.810 
130.000 39.750 
131.000 39.750 
132.000 39.750 
133.000 39.750 
134.000 39.680 
135.000 39.680 
136.000 39.680 
137.000 39.680 
138.000 39.620 
139.000 39.620 
140.000 39.620 
141.000 39.560 
142.000 39.560 
143.000 39.560 
144.000 39.560 
145.000 39.560 
146.000 39.560 
147.000 39.560 
148.000 39.560 
149.000 39.560 
150.000 39.560 
151.000 39.560 
152.000 39.560 
153.000 39.620 
154.000 39.620 
155.000 39.620 
156.000 39.620 
157.000 39.620 
158.000 39.620 
159.000 39.620 
160.000 39.620 
161.000 39.620 
162.000 39.620 
163.000 39.680 
164.000 39.680 
165.000 39.750 
166.000 39.750 
167.000 39.750 
168.000 39.810 
169.000 39.810 
170.000 39.810 
171.000 39.810 
172.000 39.870 
173.000 39.870 
174.000 39.870 
175.000 39.870 
176.000 39.870 
177.000 39.870 
178.000 39.870 
179.000 39.870 
180.000 39.870 
181.000 39.870 
182.000 39.870 
183.000 39.930 
184.000 39.930 
185.000 39.930 
186.000 39.930 
187.000 39.930 
188.000 40.000 
189.000 39.930 
190.000 40.000 
191.000 40.000 
192.000 40.000 
193.000 40.000 
194.000 40.000 
195.000 40.000 
196.000 40.000 
197.000 40.000 
198.000 40.000 
199.000 40.000 
200.000 40.000 
201.000 40.000 
202.000 39.930 
203.000 39.930 
204.000 39.930 
205.000 39.930 
206.000 39.870 
207.000 39.870 
208.000 39.870 
209.000 39.870 
210.000 39.870 
211.000 39.810 
212.000 39.810 
213.000 39.810 
214.000 39.810 
215.000 39.810 
216.000 39.810 
217.000 39.750 
218.000 39.750 
219.000 39.750 
220.000 39.750 
221.000 39.750 
222.000 39.750 
223.000 39.750 
224.000 39.750 
225.000 39.750 
226.000 39.750 
227.000 39.810 
228.000 39.810 
229.000 39.810 
230.000 39.810 
231.000 39.810 
232.000 39.810 
233.000 39.810 
234.000 39.810 
235.000 39.810 
236.000 39.810 
237.000 39.810 
238.000 39.810 
239.000 39.810 
240.000 39.810 
241.000 39.810 
242.000 39.870 
243.000 39.870 
244.000 39.870 
245.000 39.870 
246.000 39.870 
247.000 39.870 
248.000 39.870 
249.000 39.870 
250.000 39.870 
251.000 39.870 
252.000 39.870 
253.000 39.930 
254.000 39.930 
255.000 39.930 
256.000 39.930 
257.000 39.930 
258.000 39.930 
259.000 40.000 
260.000 40.000 
261.000 40.000 
262.000 40.060 
263.000 40.060 
264.000 40.120 
265.000 40.120 
266.000 40.180 
267.000 40.180 
268.000 40.250 
269.000 40.250 
270.000 40.250 
271.000 40.310 
272.000 40.310 
273.000 40.310 
274.000 40.310 
275.000 40.310 
276.000 40.310 
277.000 40.310 
278.000 40.310 
279.000 40.310 
280.000 40.310 
281.000 40.310 
282.000 40.370 
283.000 40.370 
284.000 40.370 
285.000 40.370 
286.000 40.370 
287.000 40.310 
288.000 40.370 
289.000 40.370 
290.000 40.370 
291.000 40.370 
292.000 40.370 
293.000 40.370 
294.000 40.370 
295.000 40.310 
296.000 40.310 
297.000 40.310 
298.000 40.310 
299.000 40.310 
300.000 40.250 
301.000 40.250 
302.000 40.250 
303.000 40.250 
304.000 40.250 
305.000 40.250 
306.000 40.250 
307.000 40.250 
308.000 40.250 
309.000 40.250 
310.000 40.250 
311.000 40.250 
312.000 40.250 
313.000 40.250 
314.000 40.250 
315.000 40.250 
316.000 40.250 
317.000 40.250 
318.000 40.250 
319.000 40.250 
320.000 40.180 
321.000 40.180 
322.000 40.180 
323.000 40.180 
324.000 40.180 
325.000 40.120 
326.000 40.120 
327.000 40.120 
328.000 40.120 
329.000 40.060 
330.000 40.060 
331.000 40.060 
332.000 40.060 
333.000 40.000 
334.000 40.000 
335.000 40.000 
336.000 40.000 
337.000 39.930 
338.000 39.930 
339.000 39.930 
340.000 39.930 
341.000 39.930 
342.000 39.930 
343.000 39.930 
344.000 39.930 
345.000 39.930 
346.000 39.930 
347.000 39.930 
348.000 39.870 
349.000 39.870 
350.000 39.870 
351.000 39.870 
352.000 39.870 
353.000 39.870 
354.000 39.870 
355.000 39.870 
356.000 39.870 
357.000 39.870 
358.000 39.870 
359.000 39.930 
360.000 39.930 
361.000 39.930 
362.000 39.930 
363.000 39.930 
364.000 39.930 
365.000 39.930 
366.000 39.930 
367.000 40.000 
368.000 40.000 
369.000 40.000 
370.000 40.000 
371.000 40.000 
372.000 40.000 
373.000 40.060 
374.000 40.000 
375.000 40.000 
376.000 40.000 
377.000 40.000 
378.000 40.000 
379.000 40.000 
380.000 40.000 
381.000 40.000 
382.000 40.060 
383.000 40.060 
384.000 40.060 
385.000 40.060 
386.000 40.060 
387.000 40.060 
388.000 40.120 
389.000 40.120 
390.000 40.120 
391.000 40.120 
392.000 40.120 
393.000 40.120 
394.000 40.120 
395.000 40.120 
396.000 40.120 
397.000 40.120 
398.000 40.120 
399.000 40.120 
400.000 40.120 
401.000 40.120 
402.000 40.120 
403.000 40.120 
404.000 40.120 
405.000 40.120 
406.000 40.120 
407.000 40.060 
408.000 40.060 
409.000 40.060 
410.000 40.060 
411.000 40.060 
412.000 40.060 
413.000 40.060 
414.000 40.060 
415.000 40.000 
416.000 40.000 
417.000 40.000 
418.000 40.000 
419.000 40.000 
420.000 40.000 
421.000 40.000 
422.000 40.000 
423.000 40.000 
424.000 40.000 
425.000 40.000 
426.000 40.000 
427.000 40.000 
428.000 40.000 
429.000 39.930 
430.000 39.930 
431.000 39.930 
432.000 39.930 
433.000 39.870 
434.000 39.870 
435.000 39.870 
436.000 39.870 
437.000 39.870 
438.000 39.870 
439.000 39.870 
440.000 39.930 
441.000 39.930 
442.000 39.930 
443.000 40.000 
444.000 40.000 
445.000 40.000 
446.000 40.000 
447.000 40.060 
448.000 40.060 
449.000 40.060 
450.000 40.060 
451.000 40.060 
452.000 40.060 
453.000 40.060 
454.000 40.120 
455.000 40.060 
456.000 40.120 
457.000 40.120 
458.000 40.120 
459.000 40.120 
460.000 40.180 
461.000 40.120 
462.000 40.180 
463.000 40.180 
464.000 40.120 
465.000 40.180 
466.000 40.180 
467.000 40.180 
468.000 40.120 
469.000 40.120 
470.000 40.180 
471.000 40.180 
472.000 40.180 
473.000 40.180 
474.000 40.120 
475.000 40.120 
476.000 40.120 
477.000 40.120 
478.000 40.120 
479.000 40.120 
480.000 40.120 
481.000 40.120 
482.000 40.120 
483.000 40.120 
484.000 40.120 
485.000 40.120 
486.000 40.120 
487.000 40.120 
488.000 40.060 
489.000 40.060 
490.000 40.060 
491.000 40.060 
492.000 40.060 
493.000 40.060 
494.000 40.060 
495.000 40.060 
496.000 40.060 
497.000 40.000 
498.000 40.000 
499.000 40.000 
500.000 40.000 
501.000 40.000 
502.000 40.000 
503.000 40.000 
504.000 40.000 
505.000 39.930 
506.000 40.000 
507.000 40.000 
508.000 40.000 
509.000 40.000 
510.000 40.000 
511.000 40.000 
512.000 40.000 
513.000 40.000 
514.000 40.000 
515.000 40.000 
516.000 40.000 
517.000 40.000 
518.000 40.000 
519.000 40.000 
520.000 40.000 
521.000 40.000 
522.000 40.000 
523.000 40.000 
524.000 40.000 
525.000 40.000 
526.000 40.000 
527.000 40.000 
528.000 40.060 
529.000 40.060 
530.000 40.060 
531.000 40.060 
532.000 40.060 
533.000 40.060 
534.000 40.060 
535.000 40.060 
536.000 40.060 
537.000 40.120 
538.000 40.120 
539.000 40.120 
540.000 40.120 
541.000 40.120 
542.000 40.120 
543.000 40.120 
544.000 34.000 
545.000 34.000 
546.000 34.000 
547.000 34.000 
548.000 34.000 
549.000 34.000 
550.000 34.000 
551.000 34.000 
552.000 34.000 
553.000 34.000 
554.000 34.000 
555.000 34.000 
556.000 34.000 
557.000 34.000 
558.000 34.000 
559.000 34.000 
560.000 34.000 
561.000 34.000 
562.000 34.000 
563.000 34.000 
564.000 34.000 
565.000 34.000 
566.000 34.000 
567.000 34.000 
568.000 34.000 
569.000 34.000 
570.000 34.000 
571.000 34.000 
572.000 34.000 
573.000 34.000 
574.000 34.000 
575.000 34.000 
576.000 34.000 
577.000 34.000 
578.000 34.000 
579.000 34.000 
580.000 34.000 
581.000 34.000 
582.000 34.000 
583.000 34.000 
584.000 34.000 
585.000 34.000 
586.000 34.000 
587.000 34.000 
588.000 34.000 
589.000 34.000 
590.000 34.000 
591.000 34.000 
592.000 34.000 
593.000 34.000 
594.000 34.000 
595.000 34.000 
596.000 34.000 
597.000 34.000 
598.000 34.000 
599.000 34.000 
600.000 34.000 
601.000 34.000 
602.000 34.000 
603.000 34.000 
604.000 34.000 
605.000 34.000 
606.000 34.000 
607.000 34.000 
608.000 34.000 
609.000 34.000 
610.000 34.000 
611.000 34.000 
612.000 34.000 
613.000 34.000 
614.000 34.000 
615.000 34.000 
616.000 34.000 
617.000 34.000 
618.000 34.000 
619.000 34.000 
620.000 34.000 
621.000 34.000 
622.000 34.000 
623.000 34.000 
624.000 34.000 
625.000 34.000 
626.000 34.000 
627.000 34.000 
628.000 34.000 
629.000 34.000 
630.000 34.000 
631.000 34.000 
632.000 34.000 
633.000 34.000 
634.000 34.000 
635.000 34.000 
636.000 34.000 
637.000 34.000 
638.000 34.000 
639.000 34.000 
640.000 34.000 
641.000 34.000 
642.000 34.000 
643.000 34.000 
644.000 34.000 
645.000 34.000 
646.000 34.000 
647.000 34.000 
648.000 34.000 
649.000 34.000 
650.000 34.000 
651.000 34.000 
652.000 34.000 
653.000 34.000 
654.000 34.000 
655.000 34.000 
656.000 34.000 
657.000 34.000 
658.000 34.000 
659.000 34.000 
660.000 34.000 
661.000 34.000 
662.000 34.000 
663.000 34.000 
664.000 34.000 
665.000 34.000 
666.000 34.000 
667.000 34.000 
668.000 34.000 
669.000 34.000 
670.000 34.000 
671.000 34.000 
672.000 34.000 
673.000 34.000 
674.000 34.000 
675.000 34.000 
676.000 34.000 
677.000 34.000 
678.000 34.000 
679.000 34.000 
680.000 34.000 
681.000 34.000 
682.000 34.000 
683.000 34.000 
684.000 34.000 
685.000 34.000 
686.000 34.000 
687.000 34.000 
688.000 34.000 
689.000 34.000 
690.000 34.000 
691.000 34.000 
692.000 34.000 
693.000 34.000 
694.000 34.000 
695.000 34.000 
696.000 34.000 
697.000 34.000 
698.000 34.000 
699.000 34.000 
700.000 34.000 
