1.000 34.000 
2.000 33.680 
3.000 33.680 
4.000 33.680 
5.000 33.680 
6.000 33.680 
7.000 33.680 
8.000 33.680 
9.000 33.680 
10.000 33.680 
11.000 33.750 
12.000 33.750 
13.000 33.750 
14.000 33.810 
15.000 33.810 
16.000 33.870 
17.000 33.930 
18.000 34.000 
19.000 34.060 
20.000 34.120 
21.000 34.180 
22.000 34.310 
23.000 34.370 
24.000 34.500 
25.000 34.560 
26.000 34.680 
27.000 34.810 
28.000 34.930 
29.000 35.060 
30.000 35.180 
31.000 35.310 
32.000 35.430 
33.000 35.620 
34.000 35.750 
35.000 35.930 
36.000 36.060 
37.000 36.250 
38.000 36.370 
39.000 36.560 
40.000 36.680 
41.000 36.810 
42.000 37.000 
43.000 37.120 
44.000 37.310 
45.000 37.430 
46.000 37.560 
47.000 37.750 
48.000 37.870 
49.000 38.000 
50.000 38.180 
51.000 38.310 
52.000 38.430 
53.000 38.560 
54.000 38.680 
55.000 38.810 
56.000 38.870 
57.000 39.060 
58.000 39.120 
59.000 39.250 
60.000 39.370 
61.000 39.500 
62.000 39.560 
63.000 39.680 
64.000 39.750 
65.000 39.870 
66.000 39.930 
67.000 40.000 
68.000 40.060 
69.000 40.180 
70.000 40.180 
71.000 40.250 
72.000 40.310 
73.000 40.370 
74.000 40.370 
75.000 40.430 
76.000 40.430 
77.000 40.500 
78.000 40.500 
79.000 40.500 
80.000 40.560 
81.000 40.560 
82.000 40.560 
83.000 40.560 
84.000 40.560 
85.000 40.560 
86.000 40.560 
87.000 40.560 
88.000 40.560 
89.000 40.560 
90.000 40.560 
91.000 40.560 
92.000 40.560 
93.000 40.560 
94.000 40.560 
95.000 40.560 
96.000 40.500 
97.000 40.500 
98.000 40.430 
99.000 40.430 
100.000 40.430 
101.000 40.370 
102.000 40.370 
103.000 40.370 
104.000 40.310 
105.000 40.310 
106.000 40.250 
107.000 40.250 
108.000 40.180 
109.000 40.180 
110.000 40.120 
111.000 40.120 
112.000 40.060 
113.000 40.060 
114.000 40.000 
115.000 40.000 
116.000 40.000 
117.000 39.930 
118.000 39.930 
119.000 39.870 
120.000 39.870 
121.000 39.870 
122.000 39.810 
123.000 39.810 
124.000 39.810 
125.000 39.810 
126.000 39.810 
127.000 39.810 
128.000 39.750 
129.000 39.810 
130.000 39.750 
131.000 39.750 
132.000 39.750 
133.000 39.750 
134.000 39.680 
135.000 39.680 
136.000 39.680 
137.000 39.680 
138.000 39.680 
139.000 39.680 
140.000 39.680 
141.000 39.620 
142.000 39.620 
143.000 39.620 
144.000 39.620 
145.000 39.620 
146.000 39.560 
147.000 39.560 
148.000 39.560 
149.000 39.560 
150.000 39.560 
151.000 39.560 
152.000 39.560 
153.000 39.560 
154.000 39.560 
155.000 39.560 
156.000 39.560 
157.000 39.560 
158.000 39.620 
159.000 39.620 
160.000 39.620 
161.000 39.620 
162.000 39.620 
163.000 39.620 
164.000 39.680 
165.000 39.680 
166.000 39.680 
167.000 39.680 
168.000 39.750 
169.000 39.750 
170.000 39.750 
171.000 39.750 
172.000 39.750 
173.000 39.750 
174.000 39.750 
175.000 39.750 
176.000 39.750 
177.000 39.750 
178.000 39.750 
179.000 39.750 
180.000 39.750 
181.000 39.750 
182.000 39.750 
183.000 39.750 
184.000 39.750 
185.000 39.750 
186.000 39.810 
187.000 39.810 
188.000 39.810 
189.000 39.810 
190.000 39.810 
191.000 39.810 
192.000 39.810 
193.000 39.870 
194.000 39.870 
195.000 39.870 
196.000 39.870 
197.000 39.870 
198.000 39.870 
199.000 39.870 
200.000 39.870 
201.000 39.870 
202.000 39.870 
203.000 39.870 
204.000 39.870 
205.000 39.870 
206.000 39.870 
207.000 39.930 
208.000 39.930 
209.000 39.930 
210.000 39.930 
211.000 39.930 
212.000 39.930 
213.000 40.000 
214.000 40.000 
215.000 40.000 
216.000 40.000 
217.000 40.000 
218.000 40.000 
219.000 40.060 
220.000 40.060 
221.000 40.060 
222.000 40.060 
223.000 40.060 
224.000 40.060 
225.000 40.060 
226.000 40.060 
227.000 40.120 
228.000 40.120 
229.000 40.120 
230.000 40.120 
231.000 40.120 
232.000 40.120 
233.000 40.120 
234.000 40.120 
235.000 40.120 
236.000 40.120 
237.000 40.120 
238.000 40.060 
239.000 40.060 
240.000 40.060 
241.000 40.060 
242.000 40.000 
243.000 40.000 
244.000 40.000 
245.000 40.000 
246.000 40.060 
247.000 40.060 
248.000 40.060 
249.000 40.120 
250.000 40.120 
251.000 40.120 
252.000 40.120 
253.000 40.120 
254.000 40.120 
255.000 40.180 
256.000 40.180 
257.000 40.180 
258.000 40.180 
259.000 40.180 
260.000 40.180 
261.000 40.180 
262.000 40.250 
263.000 40.310 
264.000 40.310 
265.000 40.370 
266.000 40.430 
267.000 40.500 
268.000 40.500 
269.000 40.560 
270.000 40.620 
271.000 40.620 
272.000 40.680 
273.000 40.750 
274.000 40.810 
275.000 40.870 
276.000 40.930 
277.000 40.930 
278.000 41.000 
279.000 41.060 
280.000 41.060 
281.000 41.120 
282.000 41.120 
283.000 41.180 
284.000 41.180 
285.000 41.250 
286.000 41.250 
287.000 41.310 
288.000 41.310 
289.000 41.370 
290.000 41.430 
291.000 41.430 
292.000 41.500 
293.000 41.500 
294.000 41.560 
295.000 41.560 
296.000 41.620 
297.000 41.620 
298.000 41.680 
299.000 41.750 
300.000 41.750 
301.000 41.750 
302.000 41.810 
303.000 41.810 
304.000 41.810 
305.000 41.870 
306.000 41.870 
307.000 41.870 
308.000 41.870 
309.000 41.930 
310.000 41.930 
311.000 41.930 
312.000 41.930 
313.000 41.930 
314.000 41.930 
315.000 41.930 
316.000 41.930 
317.000 41.870 
318.000 41.870 
319.000 41.870 
320.000 41.870 
321.000 41.870 
322.000 41.810 
323.000 41.810 
324.000 41.810 
325.000 41.810 
326.000 41.810 
327.000 41.810 
328.000 41.810 
329.000 41.810 
330.000 41.810 
331.000 41.750 
332.000 41.750 
333.000 41.750 
334.000 41.750 
335.000 41.680 
336.000 41.680 
337.000 41.680 
338.000 41.620 
339.000 41.620 
340.000 41.620 
341.000 41.560 
342.000 41.560 
343.000 41.500 
344.000 41.500 
345.000 41.500 
346.000 41.500 
347.000 41.430 
348.000 41.430 
349.000 41.430 
350.000 41.370 
351.000 41.370 
352.000 41.310 
353.000 41.310 
354.000 41.310 
355.000 41.250 
356.000 41.250 
357.000 41.250 
358.000 41.180 
359.000 41.180 
360.000 41.120 
361.000 41.120 
362.000 41.120 
363.000 41.120 
364.000 41.060 
365.000 41.060 
366.000 41.000 
367.000 41.000 
368.000 40.930 
369.000 40.870 
370.000 40.870 
371.000 40.810 
372.000 40.810 
373.000 40.810 
374.000 40.750 
375.000 40.750 
376.000 40.750 
377.000 40.750 
378.000 40.750 
379.000 40.680 
380.000 40.680 
381.000 40.680 
382.000 40.680 
383.000 40.680 
384.000 40.680 
385.000 40.680 
386.000 40.680 
387.000 40.620 
388.000 40.620 
389.000 40.620 
390.000 40.620 
391.000 40.560 
392.000 40.560 
393.000 40.560 
394.000 40.500 
395.000 40.500 
396.000 40.500 
397.000 40.500 
398.000 40.500 
399.000 40.500 
400.000 40.500 
401.000 40.500 
402.000 40.500 
403.000 40.500 
404.000 40.500 
405.000 40.500 
406.000 40.500 
407.000 40.430 
408.000 40.500 
409.000 40.430 
410.000 40.430 
411.000 40.430 
412.000 40.430 
413.000 40.430 
414.000 40.500 
415.000 40.500 
416.000 40.500 
417.000 40.500 
418.000 40.500 
419.000 40.500 
420.000 40.500 
421.000 40.560 
422.000 40.560 
423.000 40.560 
424.000 40.560 
425.000 40.560 
426.000 40.560 
427.000 40.560 
428.000 40.560 
429.000 40.560 
430.000 40.560 
431.000 40.560 
432.000 40.560 
433.000 40.560 
434.000 40.560 
435.000 40.560 
436.000 40.560 
437.000 40.560 
438.000 40.620 
439.000 40.560 
440.000 40.560 
441.000 40.560 
442.000 40.500 
443.000 40.500 
444.000 40.500 
445.000 40.500 
446.000 40.500 
447.000 40.500 
448.000 40.500 
449.000 40.430 
450.000 40.430 
451.000 40.430 
452.000 40.430 
453.000 40.430 
454.000 40.370 
455.000 40.370 
456.000 40.370 
457.000 40.370 
458.000 40.370 
459.000 40.370 
460.000 40.370 
461.000 40.370 
462.000 40.370 
463.000 40.370 
464.000 40.370 
465.000 40.310 
466.000 40.310 
467.000 40.310 
468.000 40.310 
469.000 40.370 
470.000 40.310 
471.000 40.370 
472.000 40.310 
473.000 40.310 
474.000 40.310 
475.000 40.250 
476.000 40.250 
477.000 40.250 
478.000 40.250 
479.000 40.250 
480.000 40.250 
481.000 40.250 
482.000 40.250 
483.000 40.250 
484.000 40.250 
485.000 40.180 
486.000 40.180 
487.000 40.180 
488.000 40.180 
489.000 40.180 
490.000 40.120 
491.000 40.120 
492.000 40.120 
493.000 40.180 
494.000 40.180 
495.000 40.180 
496.000 40.180 
497.000 40.180 
498.000 40.180 
499.000 40.180 
500.000 40.180 
501.000 40.250 
502.000 40.180 
503.000 40.180 
504.000 40.180 
505.000 40.250 
506.000 40.250 
507.000 40.250 
508.000 40.250 
509.000 40.250 
510.000 40.250 
511.000 40.180 
512.000 40.180 
513.000 40.180 
514.000 40.180 
515.000 40.180 
516.000 40.180 
517.000 40.180 
518.000 40.180 
519.000 40.250 
520.000 40.250 
521.000 40.250 
522.000 40.180 
523.000 40.180 
524.000 40.180 
525.000 40.180 
526.000 40.180 
527.000 40.180 
528.000 40.180 
529.000 40.180 
530.000 40.180 
531.000 40.120 
532.000 40.120 
533.000 40.120 
534.000 40.120 
535.000 40.120 
536.000 40.120 
537.000 40.120 
538.000 40.120 
539.000 40.120 
540.000 40.120 
541.000 40.120 
542.000 40.120 
543.000 40.120 
544.000 40.180 
545.000 40.180 
546.000 40.180 
547.000 40.120 
548.000 40.120 
549.000 40.120 
550.000 40.180 
551.000 40.120 
552.000 40.120 
553.000 40.120 
554.000 40.180 
555.000 40.120 
556.000 40.120 
557.000 40.120 
558.000 40.120 
559.000 40.180 
560.000 40.120 
561.000 40.120 
562.000 40.120 
563.000 40.120 
564.000 40.120 
565.000 40.120 
566.000 40.120 
567.000 40.120 
568.000 40.120 
569.000 40.120 
570.000 40.120 
571.000 40.120 
572.000 40.120 
573.000 40.120 
574.000 40.120 
575.000 40.120 
576.000 40.120 
577.000 40.120 
578.000 40.120 
579.000 40.120 
580.000 40.120 
581.000 40.120 
582.000 40.060 
583.000 40.060 
584.000 40.060 
585.000 40.060 
586.000 40.060 
587.000 40.060 
588.000 40.060 
589.000 40.060 
590.000 40.060 
591.000 34.000 
592.000 34.000 
593.000 34.000 
594.000 34.000 
595.000 34.000 
596.000 34.000 
597.000 34.000 
598.000 34.000 
599.000 34.000 
600.000 34.000 
601.000 34.000 
602.000 34.000 
603.000 34.000 
604.000 34.000 
605.000 34.000 
606.000 34.000 
607.000 34.000 
608.000 34.000 
609.000 34.000 
610.000 34.000 
611.000 34.000 
612.000 34.000 
613.000 34.000 
614.000 34.000 
615.000 34.000 
616.000 34.000 
617.000 34.000 
618.000 34.000 
619.000 34.000 
620.000 34.000 
621.000 34.000 
622.000 34.000 
623.000 34.000 
624.000 34.000 
625.000 34.000 
626.000 34.000 
627.000 34.000 
628.000 34.000 
629.000 34.000 
630.000 34.000 
631.000 34.000 
632.000 34.000 
633.000 34.000 
634.000 34.000 
635.000 34.000 
636.000 34.000 
637.000 34.000 
638.000 34.000 
639.000 34.000 
640.000 34.000 
641.000 34.000 
642.000 34.000 
643.000 34.000 
644.000 34.000 
645.000 34.000 
646.000 34.000 
647.000 34.000 
648.000 34.000 
649.000 34.000 
650.000 34.000 
651.000 34.000 
652.000 34.000 
653.000 34.000 
654.000 34.000 
655.000 34.000 
656.000 34.000 
657.000 34.000 
658.000 34.000 
659.000 34.000 
660.000 34.000 
661.000 34.000 
662.000 34.000 
663.000 34.000 
664.000 34.000 
665.000 34.000 
666.000 34.000 
667.000 34.000 
668.000 34.000 
669.000 34.000 
670.000 34.000 
671.000 34.000 
672.000 34.000 
673.000 34.000 
674.000 34.000 
675.000 34.000 
676.000 34.000 
677.000 34.000 
678.000 34.000 
679.000 34.000 
680.000 34.000 
681.000 34.000 
682.000 34.000 
683.000 34.000 
684.000 34.000 
685.000 34.000 
686.000 34.000 
687.000 34.000 
688.000 34.000 
689.000 34.000 
690.000 34.000 
691.000 34.000 
692.000 34.000 
693.000 34.000 
694.000 34.000 
695.000 34.000 
696.000 34.000 
697.000 34.000 
698.000 34.000 
699.000 34.000 
700.000 34.000 
